$keys Y N OH UH GK PP T DS TH AW EE silence AE AH FV ER WQ OO MB SH
$hasweighting
"b" "b" 0.000 0.000 0.000 0.000 0.000 0.000 0.000 0.650 0.000 0.000 0.000 0.000 0.000 0.000 0.000 0.650 0.000 0.000 0.000 0.000 0.000 0.000 0.000 0.000 0.000 0.650 0.000 0.000 0.000 0.000 0.000 0.650 0.000 0.000 0.000 0.000 0.650 0.650 0.000 0.000 "Big : voiced alveolar stop" 
"m" "m" 0.000 0.000 0.000 0.000 0.000 0.000 0.000 0.000 0.000 0.000 0.000 0.000 0.000 0.000 0.000 0.000 0.000 0.000 0.000 0.000 0.000 0.000 0.000 0.000 0.000 0.000 0.000 0.000 0.000 0.000 0.000 0.000 0.000 0.000 0.000 0.000 0.650 0.650 0.000 0.000 "Mat : voiced bilabial nasal" 
"p" "p" 0.000 0.000 0.000 0.000 0.000 0.000 0.000 0.000 0.000 0.000 0.650 0.650 0.000 0.000 0.000 0.000 0.000 0.000 0.000 0.000 0.000 0.000 0.000 0.000 0.000 0.000 0.000 0.000 0.000 0.000 0.000 0.000 0.000 0.000 0.000 0.000 0.000 0.000 0.000 0.000 "Put; voiceless alveolar stop" 
"w" "w" 0.000 0.000 0.000 0.000 0.000 0.000 0.000 0.000 0.000 0.000 0.000 0.000 0.000 0.000 0.000 0.000 0.000 0.000 0.000 0.000 0.000 0.000 0.000 0.000 0.000 0.000 0.000 0.000 0.000 0.650 0.000 0.000 0.000 0.650 0.650 0.650 0.000 0.000 0.000 0.000 "With : voiced labial-velar approximant" 
"f" "f" 0.000 0.000 0.000 0.000 0.000 0.000 0.000 0.000 0.000 0.000 0.000 0.000 0.000 0.000 0.000 0.000 0.000 0.000 0.000 0.000 0.000 0.000 0.000 0.000 0.000 0.000 0.000 0.000 0.650 0.650 0.000 0.000 0.000 0.000 0.000 0.000 0.000 0.000 0.000 0.000 "Fork : voiceless labiodental fricative" 
"v" "v" 0.000 0.000 0.000 0.000 0.000 0.000 0.000 0.000 0.000 0.000 0.000 0.000 0.000 0.000 0.000 0.000 0.000 0.000 0.000 0.000 0.000 0.000 0.000 0.000 0.000 0.000 0.000 0.000 0.650 0.650 0.000 0.000 0.000 0.000 0.000 0.000 0.000 0.000 0.000 0.000 "Val : voiced labialdental fricative" 
"r" "0x0279" 0.000 0.000 0.000 0.000 0.000 0.000 0.000 0.000 0.000 0.000 0.000 0.000 0.000 0.000 0.000 0.000 0.000 0.000 0.000 0.000 0.000 0.000 0.000 0.000 0.000 0.000 0.000 0.000 0.000 0.000 0.650 0.650 0.000 0.000 0.000 0.000 0.000 0.000 0.000 0.000 "Red : voiced alveolar approximant" 
"r2" "r" 0.000 0.000 0.000 0.000 0.000 0.000 0.000 0.000 0.000 0.000 0.000 0.000 0.000 0.000 0.000 0.000 0.000 0.000 0.000 0.000 0.000 0.000 0.000 0.000 0.000 0.000 0.000 0.000 0.000 0.000 0.650 0.650 0.000 0.000 0.000 0.000 0.000 0.000 0.000 0.000 "Red : voiced alveolar trill" 
"r3" "0x027b" 0.000 0.650 0.000 0.000 0.000 0.650 0.000 0.650 0.000 0.000 0.000 0.000 0.000 0.000 0.000 0.650 0.000 0.650 0.000 0.000 0.000 0.650 0.000 0.000 0.000 0.650 0.000 0.650 0.000 0.000 0.000 0.650 0.000 0.000 0.033 0.650 0.000 0.000 0.000 0.650 "Red : voiced retroflex approximant" 
"er" "0x025a" 0.000 0.000 0.000 0.000 0.000 0.000 0.000 0.000 0.000 0.000 0.000 0.000 0.000 0.000 0.000 0.000 0.000 0.000 0.000 0.000 0.000 0.000 0.000 0.000 0.000 0.000 0.000 0.000 0.000 0.000 0.650 0.650 0.000 0.000 0.000 0.000 0.000 0.000 0.000 0.000 "URn : rhotacized schwa" 
"er2" "0x025d" 0.000 0.000 0.000 0.000 0.000 0.000 0.000 0.000 0.000 0.000 0.000 0.000 0.000 0.000 0.000 0.000 0.000 0.000 0.000 0.000 0.000 0.000 0.000 0.000 0.000 0.000 0.000 0.000 0.000 0.000 0.650 0.650 0.000 0.000 0.000 0.000 0.000 0.000 0.000 0.000 "URn : rhotacized lower-mid central vowel" 
"dh" "0x00f0" 0.000 0.000 0.000 0.000 0.000 0.000 0.000 0.000 0.000 0.000 0.000 0.000 0.000 0.000 0.000 0.650 0.650 0.650 0.000 0.000 0.000 0.000 0.000 0.000 0.000 0.000 0.000 0.000 0.000 0.000 0.000 0.650 0.000 0.000 0.000 0.000 0.000 0.000 0.000 0.000 "THen : voiced dental fricative" 
"th" "0x03b8" 0.000 0.000 0.000 0.000 0.000 0.000 0.000 0.000 0.000 0.000 0.000 0.000 0.000 0.000 0.000 0.650 0.650 0.650 0.000 0.000 0.000 0.000 0.000 0.000 0.000 0.000 0.000 0.000 0.000 0.000 0.000 0.650 0.000 0.000 0.000 0.000 0.000 0.000 0.000 0.000 "THin : voiceless dental fricative" 
"sh" "0x0283" 0.000 0.000 0.000 0.000 0.000 0.000 0.000 0.000 0.000 0.000 0.000 0.000 0.000 0.000 0.000 0.650 0.000 0.650 0.000 0.000 0.000 0.000 0.000 0.000 0.000 0.000 0.000 0.000 0.000 0.000 0.000 0.650 0.000 0.000 0.000 0.000 0.000 0.000 0.650 0.650 "SHe : voiceless postalveolar fricative" 
"jh" "0x02a4" 0.000 0.000 0.000 0.000 0.000 0.000 0.000 0.000 0.000 0.000 0.000 0.000 0.000 0.000 0.000 0.650 0.000 0.650 0.000 0.000 0.000 0.000 0.000 0.000 0.000 0.000 0.000 0.000 0.000 0.000 0.000 0.650 0.000 0.000 0.000 0.000 0.000 0.000 0.650 0.650 "Joy : voiced postalveolar afficate" 
"ch" "0x02a7" 0.000 0.000 0.000 0.000 0.000 0.000 0.000 0.000 0.000 0.000 0.000 0.000 0.000 0.000 0.000 0.650 0.000 0.650 0.000 0.000 0.000 0.000 0.000 0.000 0.000 0.000 0.000 0.000 0.000 0.000 0.000 0.650 0.000 0.000 0.000 0.000 0.000 0.000 0.650 0.650 "CHin : voiceless postalveolar affricate" 
"s" "s" 0.000 0.000 0.000 0.000 0.000 0.000 0.000 0.000 0.000 0.000 0.000 0.000 0.000 0.000 0.650 0.650 0.000 0.650 0.000 0.000 0.000 0.000 0.000 0.000 0.000 0.650 0.000 0.000 0.000 0.000 0.000 0.650 0.000 0.000 0.000 0.000 0.000 0.000 0.000 0.650 "Sit : voiceless alveolar fricative" 
"z" "z" 0.000 0.000 0.000 0.000 0.000 0.000 0.000 0.000 0.000 0.000 0.000 0.000 0.000 0.000 0.650 0.650 0.000 0.650 0.000 0.000 0.000 0.000 0.000 0.000 0.000 0.000 0.000 0.000 0.000 0.000 0.000 0.650 0.000 0.000 0.000 0.000 0.000 0.000 0.000 0.650 "Zap : voiced alveolar fricative" 
"d" "d" 0.000 0.000 0.000 0.000 0.000 0.650 0.000 0.000 0.000 0.000 0.000 0.000 0.000 0.000 0.448 0.650 0.000 0.650 0.000 0.000 0.000 0.000 0.000 0.000 0.000 0.650 0.000 0.650 0.000 0.000 0.000 0.650 0.000 0.000 0.000 0.000 0.000 0.000 0.000 0.650 "Dig : voiced bilabial stop" 
"d2" "0x027e" 0.000 0.000 0.000 0.000 0.000 0.000 0.000 0.000 0.000 0.000 0.000 0.000 0.000 0.000 0.650 0.650 0.000 0.650 0.000 0.000 0.000 0.000 0.000 0.000 0.000 0.000 0.000 0.000 0.000 0.000 0.000 0.650 0.000 0.000 0.000 0.000 0.000 0.000 0.000 0.650 "Dig : voiced alveolar flap or tap" 
"l" "l" 0.000 0.000 0.000 0.000 0.000 0.000 0.000 0.000 0.000 0.000 0.000 0.000 0.000 0.000 0.000 0.650 0.650 0.650 0.000 0.000 0.000 0.000 0.000 0.000 0.000 0.000 0.000 0.000 0.000 0.000 0.000 0.650 0.000 0.000 0.000 0.000 0.000 0.000 0.000 0.650 "Lid : voiced alveolar lateral approximant" 
"l2" "0x026b" 0.000 0.000 0.000 0.000 0.000 0.000 0.000 0.000 0.000 0.000 0.000 0.000 0.000 0.000 0.000 0.650 0.650 0.650 0.000 0.000 0.000 0.000 0.000 0.000 0.000 0.000 0.000 0.000 0.000 0.000 0.000 0.650 0.000 0.000 0.000 0.000 0.000 0.000 0.000 0.650 "Lid : velarized voiced alveolar lateral approximant" 
"n" "n" 0.000 0.000 0.650 0.650 0.000 0.000 0.000 0.000 0.000 0.000 0.000 0.000 0.000 0.000 0.000 0.650 0.000 0.650 0.000 0.000 0.000 0.000 0.000 0.000 0.000 0.000 0.000 0.000 0.000 0.000 0.000 0.650 0.000 0.000 0.000 0.000 0.000 0.000 0.000 0.650 "No : voiced alveolar nasal" 
"t" "t" 0.000 0.000 0.000 0.000 0.000 0.000 0.000 0.000 0.000 0.000 0.000 0.000 0.650 0.650 0.000 0.650 0.000 0.650 0.000 0.000 0.000 0.000 0.000 0.000 0.000 0.000 0.000 0.000 0.000 0.000 0.000 0.650 0.000 0.000 0.000 0.000 0.000 0.000 0.000 0.650 "Talk : voiceless bilabial stop" 
"ow" "o" 0.000 0.000 0.000 0.000 0.429 0.650 0.000 0.000 0.000 0.000 0.000 0.000 0.000 0.000 0.000 0.650 0.000 0.650 0.000 0.000 0.000 0.000 0.000 0.000 0.000 0.000 0.000 0.000 0.000 0.000 0.000 0.650 0.000 0.650 0.000 0.650 0.000 0.000 0.000 0.650 "gO : upper-mid back rounded vowel" 
"uw" "u" 0.000 0.000 0.000 0.000 0.000 0.650 0.000 0.000 0.000 0.000 0.000 0.000 0.000 0.000 0.000 0.650 0.000 0.650 0.000 0.000 0.000 0.000 0.000 0.000 0.000 0.000 0.000 0.000 0.000 0.000 0.000 0.650 0.000 0.000 0.650 0.650 0.000 0.000 0.000 0.650 "tOO : high back rounded vowel" 
"ey" "e" 0.000 0.000 0.000 0.000 0.000 0.650 0.000 0.000 0.000 0.000 0.000 0.000 0.000 0.000 0.000 0.650 0.000 0.650 0.000 0.000 0.650 0.650 0.000 0.000 0.000 0.000 0.000 0.000 0.000 0.000 0.000 0.650 0.000 0.000 0.033 0.650 0.000 0.000 0.000 0.650 "Ate : upper-mid front unrounded vowel" 
"ae" "0x00e6" 0.000 0.000 0.000 0.000 0.000 0.650 0.000 0.000 0.000 0.000 0.000 0.000 0.000 0.000 0.000 0.650 0.000 0.650 0.000 0.000 0.000 0.650 0.000 0.000 0.650 0.650 0.137 0.650 0.000 0.000 0.000 0.650 0.000 0.000 0.033 0.650 0.000 0.000 0.000 0.650 "cAt : semi-low front unrounded vowel" 
"aa" "0x0251" 0.000 0.000 0.000 0.000 0.000 0.650 0.000 0.000 0.000 0.000 0.000 0.000 0.000 0.000 0.000 0.650 0.000 0.650 0.000 0.000 0.000 0.650 0.000 0.000 0.000 0.650 0.650 0.650 0.000 0.000 0.000 0.650 0.000 0.000 0.033 0.650 0.000 0.000 0.000 0.650 "fAther : low back unrounded vowel" 
"aa2" "a" 0.000 0.000 0.000 0.000 0.000 0.650 0.000 0.000 0.000 0.000 0.000 0.000 0.000 0.000 0.000 0.650 0.000 0.650 0.000 0.000 0.000 0.650 0.000 0.000 0.000 0.650 0.650 0.650 0.000 0.000 0.000 0.650 0.000 0.000 0.033 0.650 0.000 0.000 0.000 0.650 "fAther : low front unrounded vowel" 
"iy" "i" 0.514 0.650 0.000 0.000 0.000 0.650 0.000 0.650 0.000 0.000 0.000 0.000 0.000 0.000 0.000 0.650 0.000 0.650 0.000 0.000 0.000 0.650 0.000 0.000 0.358 0.650 0.000 0.650 0.000 0.000 0.000 0.650 0.000 0.000 0.000 0.650 0.000 0.000 0.000 0.650 "fEEl : high front unrounded vowel" 
"y" "j" 0.650 0.650 0.000 0.000 0.000 0.650 0.000 0.000 0.000 0.000 0.000 0.000 0.000 0.000 0.000 0.650 0.000 0.650 0.000 0.000 0.000 0.650 0.000 0.000 0.000 0.650 0.000 0.650 0.000 0.000 0.000 0.650 0.000 0.000 0.033 0.650 0.000 0.000 0.000 0.650 "Yacht : voiced palatal approximant" 
"ah" "0x028c" 0.000 0.650 0.000 0.000 0.000 0.650 0.000 0.000 0.000 0.000 0.000 0.000 0.000 0.000 0.000 0.650 0.000 0.650 0.000 0.000 0.000 0.650 0.000 0.000 0.000 0.650 0.650 0.650 0.000 0.000 0.000 0.650 0.000 0.000 0.033 0.650 0.000 0.000 0.000 0.650 "cUt : lower-mid back unrounded vowel" 
"ao" "0x0254" 0.000 0.650 0.000 0.000 0.000 0.650 0.000 0.000 0.000 0.000 0.000 0.000 0.000 0.000 0.000 0.650 0.000 0.650 0.000 0.000 0.000 0.650 0.000 0.000 0.000 0.650 0.650 0.650 0.000 0.000 0.000 0.650 0.000 0.000 0.033 0.650 0.000 0.000 0.000 0.650 "dOg : lower-mid back rounded vowel" 
"ax" "0x0259" 0.000 0.650 0.000 0.000 0.000 0.650 0.000 0.000 0.000 0.000 0.000 0.000 0.000 0.000 0.000 0.650 0.000 0.650 0.000 0.000 0.000 0.650 0.000 0.000 0.000 0.650 0.650 0.650 0.000 0.000 0.000 0.650 0.000 0.000 0.033 0.650 0.000 0.000 0.000 0.650 "Ago : mid-central unrounded vowel" 
"ax2" "0x025c" 0.000 0.650 0.000 0.000 0.000 0.650 0.000 0.000 0.000 0.000 0.000 0.000 0.000 0.000 0.000 0.650 0.000 0.650 0.000 0.000 0.000 0.650 0.000 0.000 0.000 0.650 0.650 0.650 0.000 0.000 0.000 0.650 0.000 0.000 0.033 0.650 0.000 0.000 0.000 0.650 "Ago : lower-mid central unrounded vowel" 
"eh" "0x025b" 0.000 0.650 0.000 0.000 0.000 0.650 0.000 0.000 0.000 0.000 0.000 0.000 0.000 0.000 0.000 0.650 0.000 0.650 0.000 0.000 0.000 0.650 0.000 0.000 0.000 0.650 0.397 0.650 0.000 0.000 0.000 0.650 0.000 0.000 0.033 0.650 0.000 0.000 0.000 0.650 "pEt : lower-mid front unrounded vowel" 
"ih" "0x026a" 0.000 0.650 0.000 0.000 0.000 0.650 0.000 0.000 0.000 0.000 0.000 0.000 0.000 0.000 0.000 0.650 0.000 0.650 0.000 0.000 0.351 0.650 0.000 0.000 0.000 0.650 0.000 0.650 0.000 0.000 0.000 0.650 0.000 0.000 0.033 0.650 0.000 0.000 0.000 0.650 "fIll : semi-high front unrounded vowel" 
"ih2" "0x0268" 0.000 0.650 0.000 0.000 0.000 0.650 0.000 0.000 0.000 0.000 0.000 0.000 0.000 0.000 0.000 0.650 0.000 0.650 0.000 0.000 0.351 0.650 0.000 0.000 0.000 0.650 0.000 0.650 0.000 0.000 0.000 0.650 0.000 0.000 0.033 0.650 0.000 0.000 0.000 0.650 "fIll : high central unrounded vowel" 
"uh" "0x028a" 0.000 0.650 0.000 0.000 0.202 0.650 0.358 0.650 0.000 0.000 0.000 0.000 0.000 0.000 0.000 0.650 0.000 0.650 0.000 0.000 0.000 0.650 0.000 0.000 0.000 0.650 0.000 0.650 0.000 0.000 0.000 0.650 0.000 0.000 0.033 0.650 0.000 0.000 0.000 0.650 "bOOk : semi-high back rounded vowel" 
"g" "g" 0.000 0.650 0.000 0.000 0.000 0.650 0.000 0.650 0.455 0.650 0.000 0.000 0.000 0.000 0.000 0.650 0.000 0.650 0.000 0.000 0.150 0.650 0.000 0.000 0.000 0.650 0.000 0.650 0.000 0.000 0.000 0.650 0.000 0.000 0.000 0.650 0.000 0.000 0.000 0.650 "taG : voiced velar stop" 
"g2" "0x0261" 0.000 0.650 0.000 0.000 0.000 0.650 0.000 0.650 0.429 0.650 0.000 0.000 0.000 0.000 0.000 0.650 0.000 0.650 0.000 0.000 0.182 0.650 0.000 0.000 0.000 0.650 0.000 0.650 0.000 0.000 0.000 0.650 0.000 0.000 0.033 0.650 0.000 0.000 0.000 0.650 "taG : voiced velar stop" 
"hh" "h" 0.000 0.000 0.000 0.000 0.000 0.650 0.358 0.650 0.000 0.000 0.000 0.000 0.000 0.000 0.000 0.000 0.000 0.000 0.000 0.000 0.293 0.650 0.000 0.000 0.000 0.650 0.000 0.650 0.000 0.000 0.000 0.000 0.000 0.000 0.000 0.000 0.000 0.000 0.000 0.650 "Help : voiceless glottal fricative" 
"hh2" "0x0266" 0.000 0.000 0.000 0.000 0.000 0.000 0.390 0.650 0.000 0.000 0.000 0.000 0.000 0.000 0.000 0.000 0.000 0.000 0.000 0.000 0.286 0.650 0.000 0.000 0.000 0.000 0.000 0.000 0.000 0.000 0.000 0.000 0.000 0.000 0.000 0.000 0.000 0.000 0.000 0.000 "Help : breathy-voiced glottal fricative" 
"c" "k" 0.000 0.000 0.000 0.000 0.000 0.000 0.000 0.000 0.546 0.650 0.000 0.000 0.000 0.000 0.000 0.650 0.000 0.000 0.000 0.000 0.000 0.650 0.000 0.000 0.000 0.000 0.000 0.000 0.000 0.000 0.000 0.650 0.000 0.000 0.000 0.000 0.000 0.650 0.000 0.650 "Cut : voiceless velar stop" 
"nx" "0x014b" 0.000 0.650 0.000 0.000 0.000 0.000 0.000 0.000 0.423 0.650 0.000 0.000 0.000 0.000 0.000 0.650 0.000 0.650 0.000 0.650 0.117 0.650 0.000 0.000 0.000 0.000 0.000 0.650 0.000 0.000 0.000 0.650 0.000 0.650 0.000 0.650 0.000 0.650 0.000 0.650 "siNG : voiced velar nasal" 
"zh" "0x0292" 0.000 0.000 0.000 0.000 0.000 0.000 0.000 0.650 0.000 0.000 0.000 0.000 0.000 0.000 0.650 0.650 0.000 0.000 0.000 0.000 0.000 0.000 0.000 0.000 0.000 0.650 0.000 0.000 0.000 0.000 0.000 0.650 0.000 0.000 0.000 0.000 0.000 0.650 0.000 0.000 "aZure : voiced postalveolar fricative" 
"<sil>" "_" 0.000 0.000 0.000 0.000 0.000 0.000 0.000 0.000 0.000 0.000 0.000 0.000 0.000 0.000 0.000 0.000 0.000 0.000 0.000 0.000 0.000 0.000 0.650 0.650 0.000 0.000 0.000 0.000 0.000 0.000 0.000 0.000 0.000 0.000 0.000 0.000 0.000 0.000 0.000 0.000 "Silence" 
