$keys Y N OH UH GK PP T DS TH AW EE silence AE AH FV ER WQ OO MB SH
$hasweighting
"b" "b" 0.000 0.000 0.000 0.000 0.000 0.000 0.000 0.350 0.000 0.000 0.000 0.000 0.000 0.000 0.000 0.350 0.000 0.000 0.000 0.000 0.000 0.000 0.000 0.000 0.000 0.350 0.000 0.000 0.000 0.000 0.000 0.350 0.000 0.000 0.000 0.000 0.350 0.350 0.000 0.000 "Big : voiced alveolar stop" 
"m" "m" 0.000 0.000 0.000 0.000 0.000 0.000 0.000 0.000 0.000 0.000 0.000 0.000 0.000 0.000 0.000 0.000 0.000 0.000 0.000 0.000 0.000 0.000 0.000 0.000 0.000 0.000 0.000 0.000 0.000 0.000 0.000 0.000 0.000 0.000 0.000 0.000 0.350 0.350 0.000 0.000 "Mat : voiced bilabial nasal" 
"p" "p" 0.000 0.000 0.000 0.000 0.000 0.000 0.000 0.000 0.000 0.000 0.350 0.350 0.000 0.000 0.000 0.000 0.000 0.000 0.000 0.000 0.000 0.000 0.000 0.000 0.000 0.000 0.000 0.000 0.000 0.000 0.000 0.000 0.000 0.000 0.000 0.000 0.000 0.000 0.000 0.000 "Put; voiceless alveolar stop" 
"w" "w" 0.000 0.000 0.000 0.000 0.000 0.000 0.000 0.000 0.000 0.000 0.000 0.000 0.000 0.000 0.000 0.000 0.000 0.000 0.000 0.000 0.000 0.000 0.000 0.000 0.000 0.000 0.000 0.000 0.000 0.350 0.000 0.000 0.000 0.350 0.350 0.350 0.000 0.000 0.000 0.000 "With : voiced labial-velar approximant" 
"f" "f" 0.000 0.000 0.000 0.000 0.000 0.000 0.000 0.000 0.000 0.000 0.000 0.000 0.000 0.000 0.000 0.000 0.000 0.000 0.000 0.000 0.000 0.000 0.000 0.000 0.000 0.000 0.000 0.000 0.350 0.350 0.000 0.000 0.000 0.000 0.000 0.000 0.000 0.000 0.000 0.000 "Fork : voiceless labiodental fricative" 
"v" "v" 0.000 0.000 0.000 0.000 0.000 0.000 0.000 0.000 0.000 0.000 0.000 0.000 0.000 0.000 0.000 0.000 0.000 0.000 0.000 0.000 0.000 0.000 0.000 0.000 0.000 0.000 0.000 0.000 0.350 0.350 0.000 0.000 0.000 0.000 0.000 0.000 0.000 0.000 0.000 0.000 "Val : voiced labialdental fricative" 
"r" "0x0279" 0.000 0.000 0.000 0.000 0.000 0.000 0.000 0.000 0.000 0.000 0.000 0.000 0.000 0.000 0.000 0.000 0.000 0.000 0.000 0.000 0.000 0.000 0.000 0.000 0.000 0.000 0.000 0.000 0.000 0.000 0.350 0.350 0.000 0.000 0.000 0.000 0.000 0.000 0.000 0.000 "Red : voiced alveolar approximant" 
"r2" "r" 0.000 0.000 0.000 0.000 0.000 0.000 0.000 0.000 0.000 0.000 0.000 0.000 0.000 0.000 0.000 0.000 0.000 0.000 0.000 0.000 0.000 0.000 0.000 0.000 0.000 0.000 0.000 0.000 0.000 0.000 0.350 0.350 0.000 0.000 0.000 0.000 0.000 0.000 0.000 0.000 "Red : voiced alveolar trill" 
"r3" "0x027b" 0.000 0.350 0.000 0.000 0.000 0.350 0.000 0.350 0.000 0.000 0.000 0.000 0.000 0.000 0.000 0.350 0.000 0.350 0.000 0.000 0.000 0.350 0.000 0.000 0.000 0.350 0.000 0.350 0.000 0.000 0.000 0.350 0.000 0.000 0.017 0.350 0.000 0.000 0.000 0.350 "Red : voiced retroflex approximant" 
"er" "0x025a" 0.000 0.000 0.000 0.000 0.000 0.000 0.000 0.000 0.000 0.000 0.000 0.000 0.000 0.000 0.000 0.000 0.000 0.000 0.000 0.000 0.000 0.000 0.000 0.000 0.000 0.000 0.000 0.000 0.000 0.000 0.350 0.350 0.000 0.000 0.000 0.000 0.000 0.000 0.000 0.000 "URn : rhotacized schwa" 
"er2" "0x025d" 0.000 0.000 0.000 0.000 0.000 0.000 0.000 0.000 0.000 0.000 0.000 0.000 0.000 0.000 0.000 0.000 0.000 0.000 0.000 0.000 0.000 0.000 0.000 0.000 0.000 0.000 0.000 0.000 0.000 0.000 0.350 0.350 0.000 0.000 0.000 0.000 0.000 0.000 0.000 0.000 "URn : rhotacized lower-mid central vowel" 
"dh" "0x00f0" 0.000 0.000 0.000 0.000 0.000 0.000 0.000 0.000 0.000 0.000 0.000 0.000 0.000 0.000 0.000 0.350 0.350 0.350 0.000 0.000 0.000 0.000 0.000 0.000 0.000 0.000 0.000 0.000 0.000 0.000 0.000 0.350 0.000 0.000 0.000 0.000 0.000 0.000 0.000 0.000 "THen : voiced dental fricative" 
"th" "0x03b8" 0.000 0.000 0.000 0.000 0.000 0.000 0.000 0.000 0.000 0.000 0.000 0.000 0.000 0.000 0.000 0.350 0.350 0.350 0.000 0.000 0.000 0.000 0.000 0.000 0.000 0.000 0.000 0.000 0.000 0.000 0.000 0.350 0.000 0.000 0.000 0.000 0.000 0.000 0.000 0.000 "THin : voiceless dental fricative" 
"sh" "0x0283" 0.000 0.000 0.000 0.000 0.000 0.000 0.000 0.000 0.000 0.000 0.000 0.000 0.000 0.000 0.000 0.350 0.000 0.350 0.000 0.000 0.000 0.000 0.000 0.000 0.000 0.000 0.000 0.000 0.000 0.000 0.000 0.350 0.000 0.000 0.000 0.000 0.000 0.000 0.350 0.350 "SHe : voiceless postalveolar fricative" 
"jh" "0x02a4" 0.000 0.000 0.000 0.000 0.000 0.000 0.000 0.000 0.000 0.000 0.000 0.000 0.000 0.000 0.000 0.350 0.000 0.350 0.000 0.000 0.000 0.000 0.000 0.000 0.000 0.000 0.000 0.000 0.000 0.000 0.000 0.350 0.000 0.000 0.000 0.000 0.000 0.000 0.350 0.350 "Joy : voiced postalveolar afficate" 
"ch" "0x02a7" 0.000 0.000 0.000 0.000 0.000 0.000 0.000 0.000 0.000 0.000 0.000 0.000 0.000 0.000 0.000 0.350 0.000 0.350 0.000 0.000 0.000 0.000 0.000 0.000 0.000 0.000 0.000 0.000 0.000 0.000 0.000 0.350 0.000 0.000 0.000 0.000 0.000 0.000 0.350 0.350 "CHin : voiceless postalveolar affricate" 
"s" "s" 0.000 0.000 0.000 0.000 0.000 0.000 0.000 0.000 0.000 0.000 0.000 0.000 0.000 0.000 0.350 0.350 0.000 0.350 0.000 0.000 0.000 0.000 0.000 0.000 0.000 0.350 0.000 0.000 0.000 0.000 0.000 0.350 0.000 0.000 0.000 0.000 0.000 0.000 0.000 0.350 "Sit : voiceless alveolar fricative" 
"z" "z" 0.000 0.000 0.000 0.000 0.000 0.000 0.000 0.000 0.000 0.000 0.000 0.000 0.000 0.000 0.350 0.350 0.000 0.350 0.000 0.000 0.000 0.000 0.000 0.000 0.000 0.000 0.000 0.000 0.000 0.000 0.000 0.350 0.000 0.000 0.000 0.000 0.000 0.000 0.000 0.350 "Zap : voiced alveolar fricative" 
"d" "d" 0.000 0.000 0.000 0.000 0.000 0.350 0.000 0.000 0.000 0.000 0.000 0.000 0.000 0.000 0.241 0.350 0.000 0.350 0.000 0.000 0.000 0.000 0.000 0.000 0.000 0.350 0.000 0.350 0.000 0.000 0.000 0.350 0.000 0.000 0.000 0.000 0.000 0.000 0.000 0.350 "Dig : voiced bilabial stop" 
"d2" "0x027e" 0.000 0.000 0.000 0.000 0.000 0.000 0.000 0.000 0.000 0.000 0.000 0.000 0.000 0.000 0.350 0.350 0.000 0.350 0.000 0.000 0.000 0.000 0.000 0.000 0.000 0.000 0.000 0.000 0.000 0.000 0.000 0.350 0.000 0.000 0.000 0.000 0.000 0.000 0.000 0.350 "Dig : voiced alveolar flap or tap" 
"l" "l" 0.000 0.000 0.000 0.000 0.000 0.000 0.000 0.000 0.000 0.000 0.000 0.000 0.000 0.000 0.000 0.350 0.350 0.350 0.000 0.000 0.000 0.000 0.000 0.000 0.000 0.000 0.000 0.000 0.000 0.000 0.000 0.350 0.000 0.000 0.000 0.000 0.000 0.000 0.000 0.350 "Lid : voiced alveolar lateral approximant" 
"l2" "0x026b" 0.000 0.000 0.000 0.000 0.000 0.000 0.000 0.000 0.000 0.000 0.000 0.000 0.000 0.000 0.000 0.350 0.350 0.350 0.000 0.000 0.000 0.000 0.000 0.000 0.000 0.000 0.000 0.000 0.000 0.000 0.000 0.350 0.000 0.000 0.000 0.000 0.000 0.000 0.000 0.350 "Lid : velarized voiced alveolar lateral approximant" 
"n" "n" 0.000 0.000 0.350 0.350 0.000 0.000 0.000 0.000 0.000 0.000 0.000 0.000 0.000 0.000 0.000 0.350 0.000 0.350 0.000 0.000 0.000 0.000 0.000 0.000 0.000 0.000 0.000 0.000 0.000 0.000 0.000 0.350 0.000 0.000 0.000 0.000 0.000 0.000 0.000 0.350 "No : voiced alveolar nasal" 
"t" "t" 0.000 0.000 0.000 0.000 0.000 0.000 0.000 0.000 0.000 0.000 0.000 0.000 0.350 0.350 0.000 0.350 0.000 0.350 0.000 0.000 0.000 0.000 0.000 0.000 0.000 0.000 0.000 0.000 0.000 0.000 0.000 0.350 0.000 0.000 0.000 0.000 0.000 0.000 0.000 0.350 "Talk : voiceless bilabial stop" 
"ow" "o" 0.000 0.000 0.000 0.000 0.231 0.350 0.000 0.000 0.000 0.000 0.000 0.000 0.000 0.000 0.000 0.350 0.000 0.350 0.000 0.000 0.000 0.000 0.000 0.000 0.000 0.000 0.000 0.000 0.000 0.000 0.000 0.350 0.000 0.350 0.000 0.350 0.000 0.000 0.000 0.350 "gO : upper-mid back rounded vowel" 
"uw" "u" 0.000 0.000 0.000 0.000 0.000 0.350 0.000 0.000 0.000 0.000 0.000 0.000 0.000 0.000 0.000 0.350 0.000 0.350 0.000 0.000 0.000 0.000 0.000 0.000 0.000 0.000 0.000 0.000 0.000 0.000 0.000 0.350 0.000 0.000 0.350 0.350 0.000 0.000 0.000 0.350 "tOO : high back rounded vowel" 
"ey" "e" 0.000 0.000 0.000 0.000 0.000 0.350 0.000 0.000 0.000 0.000 0.000 0.000 0.000 0.000 0.000 0.350 0.000 0.350 0.000 0.000 0.350 0.350 0.000 0.000 0.000 0.000 0.000 0.000 0.000 0.000 0.000 0.350 0.000 0.000 0.017 0.350 0.000 0.000 0.000 0.350 "Ate : upper-mid front unrounded vowel" 
"ae" "0x00e6" 0.000 0.000 0.000 0.000 0.000 0.350 0.000 0.000 0.000 0.000 0.000 0.000 0.000 0.000 0.000 0.350 0.000 0.350 0.000 0.000 0.000 0.350 0.000 0.000 0.350 0.350 0.073 0.350 0.000 0.000 0.000 0.350 0.000 0.000 0.017 0.350 0.000 0.000 0.000 0.350 "cAt : semi-low front unrounded vowel" 
"aa" "0x0251" 0.000 0.000 0.000 0.000 0.000 0.350 0.000 0.000 0.000 0.000 0.000 0.000 0.000 0.000 0.000 0.350 0.000 0.350 0.000 0.000 0.000 0.350 0.000 0.000 0.000 0.350 0.350 0.350 0.000 0.000 0.000 0.350 0.000 0.000 0.017 0.350 0.000 0.000 0.000 0.350 "fAther : low back unrounded vowel" 
"aa2" "a" 0.000 0.000 0.000 0.000 0.000 0.350 0.000 0.000 0.000 0.000 0.000 0.000 0.000 0.000 0.000 0.350 0.000 0.350 0.000 0.000 0.000 0.350 0.000 0.000 0.000 0.350 0.350 0.350 0.000 0.000 0.000 0.350 0.000 0.000 0.017 0.350 0.000 0.000 0.000 0.350 "fAther : low front unrounded vowel" 
"iy" "i" 0.276 0.350 0.000 0.000 0.000 0.350 0.000 0.350 0.000 0.000 0.000 0.000 0.000 0.000 0.000 0.350 0.000 0.350 0.000 0.000 0.000 0.350 0.000 0.000 0.193 0.350 0.000 0.350 0.000 0.000 0.000 0.350 0.000 0.000 0.000 0.350 0.000 0.000 0.000 0.350 "fEEl : high front unrounded vowel" 
"y" "j" 0.350 0.350 0.000 0.000 0.000 0.350 0.000 0.000 0.000 0.000 0.000 0.000 0.000 0.000 0.000 0.350 0.000 0.350 0.000 0.000 0.000 0.350 0.000 0.000 0.000 0.350 0.000 0.350 0.000 0.000 0.000 0.350 0.000 0.000 0.017 0.350 0.000 0.000 0.000 0.350 "Yacht : voiced palatal approximant" 
"ah" "0x028c" 0.000 0.350 0.000 0.000 0.000 0.350 0.000 0.000 0.000 0.000 0.000 0.000 0.000 0.000 0.000 0.350 0.000 0.350 0.000 0.000 0.000 0.350 0.000 0.000 0.000 0.350 0.350 0.350 0.000 0.000 0.000 0.350 0.000 0.000 0.017 0.350 0.000 0.000 0.000 0.350 "cUt : lower-mid back unrounded vowel" 
"ao" "0x0254" 0.000 0.350 0.000 0.000 0.000 0.350 0.000 0.000 0.000 0.000 0.000 0.000 0.000 0.000 0.000 0.350 0.000 0.350 0.000 0.000 0.000 0.350 0.000 0.000 0.000 0.350 0.350 0.350 0.000 0.000 0.000 0.350 0.000 0.000 0.017 0.350 0.000 0.000 0.000 0.350 "dOg : lower-mid back rounded vowel" 
"ax" "0x0259" 0.000 0.350 0.000 0.000 0.000 0.350 0.000 0.000 0.000 0.000 0.000 0.000 0.000 0.000 0.000 0.350 0.000 0.350 0.000 0.000 0.000 0.350 0.000 0.000 0.000 0.350 0.350 0.350 0.000 0.000 0.000 0.350 0.000 0.000 0.017 0.350 0.000 0.000 0.000 0.350 "Ago : mid-central unrounded vowel" 
"ax2" "0x025c" 0.000 0.350 0.000 0.000 0.000 0.350 0.000 0.000 0.000 0.000 0.000 0.000 0.000 0.000 0.000 0.350 0.000 0.350 0.000 0.000 0.000 0.350 0.000 0.000 0.000 0.350 0.350 0.350 0.000 0.000 0.000 0.350 0.000 0.000 0.017 0.350 0.000 0.000 0.000 0.350 "Ago : lower-mid central unrounded vowel" 
"eh" "0x025b" 0.000 0.350 0.000 0.000 0.000 0.350 0.000 0.000 0.000 0.000 0.000 0.000 0.000 0.000 0.000 0.350 0.000 0.350 0.000 0.000 0.000 0.350 0.000 0.000 0.000 0.350 0.214 0.350 0.000 0.000 0.000 0.350 0.000 0.000 0.017 0.350 0.000 0.000 0.000 0.350 "pEt : lower-mid front unrounded vowel" 
"ih" "0x026a" 0.000 0.350 0.000 0.000 0.000 0.350 0.000 0.000 0.000 0.000 0.000 0.000 0.000 0.000 0.000 0.350 0.000 0.350 0.000 0.000 0.189 0.350 0.000 0.000 0.000 0.350 0.000 0.350 0.000 0.000 0.000 0.350 0.000 0.000 0.017 0.350 0.000 0.000 0.000 0.350 "fIll : semi-high front unrounded vowel" 
"ih2" "0x0268" 0.000 0.350 0.000 0.000 0.000 0.350 0.000 0.000 0.000 0.000 0.000 0.000 0.000 0.000 0.000 0.350 0.000 0.350 0.000 0.000 0.189 0.350 0.000 0.000 0.000 0.350 0.000 0.350 0.000 0.000 0.000 0.350 0.000 0.000 0.017 0.350 0.000 0.000 0.000 0.350 "fIll : high central unrounded vowel" 
"uh" "0x028a" 0.000 0.350 0.000 0.000 0.109 0.350 0.193 0.350 0.000 0.000 0.000 0.000 0.000 0.000 0.000 0.350 0.000 0.350 0.000 0.000 0.000 0.350 0.000 0.000 0.000 0.350 0.000 0.350 0.000 0.000 0.000 0.350 0.000 0.000 0.017 0.350 0.000 0.000 0.000 0.350 "bOOk : semi-high back rounded vowel" 
"g" "g" 0.000 0.350 0.000 0.000 0.000 0.350 0.000 0.350 0.245 0.350 0.000 0.000 0.000 0.000 0.000 0.350 0.000 0.350 0.000 0.000 0.081 0.350 0.000 0.000 0.000 0.350 0.000 0.350 0.000 0.000 0.000 0.350 0.000 0.000 0.000 0.350 0.000 0.000 0.000 0.350 "taG : voiced velar stop" 
"g2" "0x0261" 0.000 0.350 0.000 0.000 0.000 0.350 0.000 0.350 0.231 0.350 0.000 0.000 0.000 0.000 0.000 0.350 0.000 0.350 0.000 0.000 0.098 0.350 0.000 0.000 0.000 0.350 0.000 0.350 0.000 0.000 0.000 0.350 0.000 0.000 0.017 0.350 0.000 0.000 0.000 0.350 "taG : voiced velar stop" 
"hh" "h" 0.000 0.000 0.000 0.000 0.000 0.350 0.193 0.350 0.000 0.000 0.000 0.000 0.000 0.000 0.000 0.000 0.000 0.000 0.000 0.000 0.158 0.350 0.000 0.000 0.000 0.350 0.000 0.350 0.000 0.000 0.000 0.000 0.000 0.000 0.000 0.000 0.000 0.000 0.000 0.350 "Help : voiceless glottal fricative" 
"hh2" "0x0266" 0.000 0.000 0.000 0.000 0.000 0.000 0.210 0.350 0.000 0.000 0.000 0.000 0.000 0.000 0.000 0.000 0.000 0.000 0.000 0.000 0.154 0.350 0.000 0.000 0.000 0.000 0.000 0.000 0.000 0.000 0.000 0.000 0.000 0.000 0.000 0.000 0.000 0.000 0.000 0.000 "Help : breathy-voiced glottal fricative" 
"c" "k" 0.000 0.000 0.000 0.000 0.000 0.000 0.000 0.000 0.294 0.350 0.000 0.000 0.000 0.000 0.000 0.350 0.000 0.000 0.000 0.000 0.000 0.350 0.000 0.000 0.000 0.000 0.000 0.000 0.000 0.000 0.000 0.350 0.000 0.000 0.000 0.000 0.000 0.350 0.000 0.350 "Cut : voiceless velar stop" 
"nx" "0x014b" 0.000 0.350 0.000 0.000 0.000 0.000 0.000 0.000 0.227 0.350 0.000 0.000 0.000 0.000 0.000 0.350 0.000 0.350 0.000 0.350 0.063 0.350 0.000 0.000 0.000 0.000 0.000 0.350 0.000 0.000 0.000 0.350 0.000 0.350 0.000 0.350 0.000 0.350 0.000 0.350 "siNG : voiced velar nasal" 
"zh" "0x0292" 0.000 0.000 0.000 0.000 0.000 0.000 0.000 0.350 0.000 0.000 0.000 0.000 0.000 0.000 0.350 0.350 0.000 0.000 0.000 0.000 0.000 0.000 0.000 0.000 0.000 0.350 0.000 0.000 0.000 0.000 0.000 0.350 0.000 0.000 0.000 0.000 0.000 0.350 0.000 0.000 "aZure : voiced postalveolar fricative" 
"<sil>" "_" 0.000 0.000 0.000 0.000 0.000 0.000 0.000 0.000 0.000 0.000 0.000 0.000 0.000 0.000 0.000 0.000 0.000 0.000 0.000 0.000 0.000 0.000 0.350 0.350 0.000 0.000 0.000 0.000 0.000 0.000 0.000 0.000 0.000 0.000 0.000 0.000 0.000 0.000 0.000 0.000 "Silence" 
