$keys JawD JawV right_LipsV left_LipsV right_LipUpV left_LipUpV right_LipLoV left_LipLoV right_Smile left_Smile multi_Smile right_Platysmus left_Platysmus right_FoldLipUp left_FoldLipUp right_FoldLipLo left_FoldLipLo right_PuckerLipUp left_PuckerLipUp right_PuckerLipLo left_PuckerLipLo right_Dimple left_Dimple right_PuffLipUp left_PuffLipUp right_PuffLipLo left_PuffLipLo
$hasweighting
"b" "b" 0.000 0.450 0.000 0.450 -1.000 1.000 -1.000 1.000 0.000 1.000 0.000 1.000 0.000 1.000 0.000 1.000 0.000 1.000 0.000 1.000 0.000 1.000 0.000 1.000 0.000 1.000 0.000 1.000 0.000 1.000 0.000 1.000 0.000 1.000 0.000 1.000 0.000 1.000 0.000 1.000 0.000 1.000 0.000 1.000 0.000 1.000 0.526 1.000 0.526 1.000 0.469 1.000 0.469 1.000 "Big : voiced alveolar stop"
"m" "m" 0.000 0.450 0.000 0.450 -1.000 1.000 -1.000 1.000 0.000 1.000 0.000 1.000 0.000 1.000 0.000 1.000 0.000 1.000 0.000 1.000 0.000 1.000 0.000 1.000 0.000 1.000 0.000 1.000 0.000 1.000 0.000 1.000 0.000 1.000 0.000 1.000 0.000 1.000 0.000 1.000 0.000 1.000 0.000 1.000 0.000 1.000 0.526 1.000 0.526 1.000 0.469 1.000 0.469 1.000 "Mat : voiced bilabial nasal"
"p" "p" 0.000 0.450 0.081 0.450 -0.430 1.000 -0.430 1.000 0.000 1.000 0.000 1.000 0.000 1.000 0.000 1.000 0.000 1.000 0.000 1.000 0.000 1.000 0.000 1.000 0.000 1.000 -0.300 1.000 -0.300 1.000 -0.330 1.000 -0.330 1.000 0.382 1.000 0.382 1.000 0.352 1.000 0.352 1.000 0.233 1.000 0.233 1.000 0.526 1.000 0.526 1.000 0.469 1.000 0.469 1.000 "Put; voiceless alveolar stop"
"w" "w" 0.000 0.450 0.233 0.450 0.029 0.450 0.029 0.450 0.000 0.450 0.000 0.450 0.041 0.450 0.041 0.450 0.000 0.450 0.000 0.450 0.000 0.450 0.000 0.450 0.000 0.450 0.000 0.450 0.000 0.450 0.000 0.450 0.000 0.450 0.450 0.450 0.450 0.450 0.450 0.450 0.450 0.450 0.000 0.450 0.000 0.450 0.000 0.450 0.000 0.450 0.000 0.450 0.000 0.450 "With : voiced labial-velar approximant"
"f" "f" -0.060 0.450 0.081 0.450 0.000 0.450 0.000 0.450 0.306 0.450 0.306 0.450 0.000 0.450 0.000 0.450 0.041 0.450 0.041 0.450 0.000 0.450 0.000 0.450 0.000 0.450 -0.670 1.000 -0.670 1.000 -0.850 1.000 -0.850 1.000 0.000 1.000 0.000 1.000 0.000 1.000 0.000 1.000 0.533 1.000 0.533 1.000 0.000 1.000 0.000 1.000 0.000 1.000 0.000 1.000 "Fork : voiceless labiodental fricative"
"v" "v" -0.060 0.450 0.081 0.450 0.000 0.450 0.000 0.450 0.306 0.450 0.306 0.450 0.000 0.450 0.000 0.450 0.041 0.450 0.041 0.450 0.000 0.450 0.000 0.450 0.000 0.450 -0.670 1.000 -0.670 1.000 -0.850 1.000 -0.850 1.000 0.000 1.000 0.000 1.000 0.000 1.000 0.000 1.000 0.533 1.000 0.533 1.000 0.000 1.000 0.000 1.000 0.000 1.000 0.000 1.000 "Val : voiced labialdental fricative"
"r" "0x0279" 0.152 0.450 0.060 0.450 0.052 0.450 0.052 0.450 0.020 0.450 0.020 0.450 0.147 0.450 0.147 0.450 0.000 0.450 0.000 0.450 0.000 0.450 0.000 0.450 0.000 0.450 0.277 0.450 0.277 0.450 0.371 0.450 0.371 0.450 0.419 0.450 0.419 0.450 0.365 0.450 0.365 0.450 0.000 0.450 0.000 0.450 0.000 0.450 0.000 0.450 0.000 0.450 0.000 0.450 "Red : voiced alveolar approximant"
"r2" "r" 0.152 0.450 0.060 0.450 0.052 0.450 0.052 0.450 0.020 0.450 0.020 0.450 0.147 0.450 0.147 0.450 0.000 0.450 0.000 0.450 0.000 0.450 0.000 0.450 0.000 0.450 0.277 0.450 0.277 0.450 0.371 0.450 0.371 0.450 0.419 0.450 0.419 0.450 0.365 0.450 0.365 0.450 0.000 0.450 0.000 0.450 0.000 0.450 0.000 0.450 0.000 0.450 0.000 0.450 "Red : voiced alveolar trill"
"r3" "0x027b" 0.152 0.450 0.060 0.450 0.052 0.450 0.052 0.450 0.020 0.450 0.020 0.450 0.147 0.450 0.147 0.450 0.000 0.450 0.000 0.450 0.000 0.450 0.000 0.450 0.000 0.450 0.277 0.450 0.277 0.450 0.371 0.450 0.371 0.450 0.419 0.450 0.419 0.450 0.365 0.450 0.365 0.450 0.000 0.450 0.000 0.450 0.000 0.450 0.000 0.450 0.000 0.450 0.000 0.450 "Red : voiced retroflex approximant"
"er" "0x025a" 0.152 0.450 0.154 0.450 0.032 0.450 0.032 0.450 0.115 0.450 0.115 0.450 0.174 0.450 0.174 0.450 0.000 0.450 0.000 0.450 0.000 0.450 0.000 0.450 0.000 0.450 0.115 0.450 0.115 0.450 0.149 0.450 0.149 0.450 0.324 0.450 0.324 0.450 0.314 0.450 0.314 0.450 0.000 0.450 0.000 0.450 0.000 0.450 0.000 0.450 0.000 0.450 0.000 0.450 "URn : rhotacized schwa"
"er2" "0x025d" 0.152 0.450 0.154 0.450 0.032 0.450 0.032 0.450 0.115 0.450 0.115 0.450 0.174 0.450 0.174 0.450 0.000 0.450 0.000 0.450 0.000 0.450 0.000 0.450 0.000 0.450 0.115 0.450 0.115 0.450 0.149 0.450 0.149 0.450 0.324 0.450 0.324 0.450 0.314 0.450 0.314 0.450 0.000 0.450 0.000 0.450 0.000 0.450 0.000 0.450 0.000 0.450 0.000 0.450 "URn : rhotacized lower-mid central vowel"
"dh" "0x00f0" 0.257 0.450 0.033 0.450 0.118 0.450 0.118 0.450 0.180 0.450 0.180 0.450 0.149 0.450 0.149 0.450 0.095 0.450 0.095 0.450 0.000 0.450 0.000 0.450 0.000 0.450 -0.177 1.000 -0.177 1.000 -0.230 1.000 -0.230 1.000 0.000 1.000 0.000 1.000 0.000 1.000 0.000 1.000 0.203 1.000 0.203 1.000 0.000 1.000 0.000 1.000 0.000 1.000 0.000 1.000 "THen : voiced dental fricative"
"th" "0x03b8" 0.257 0.450 0.033 0.450 0.118 0.450 0.118 0.450 0.180 0.450 0.180 0.450 0.149 0.450 0.149 0.450 0.095 0.450 0.095 0.450 0.000 0.450 0.000 0.450 0.000 0.450 -0.177 1.000 -0.177 1.000 -0.230 1.000 -0.230 1.000 0.000 1.000 0.000 1.000 0.000 1.000 0.000 1.000 0.203 1.000 0.203 1.000 0.000 1.000 0.000 1.000 0.000 1.000 0.000 1.000 "THin : voiceless dental fricative"
"sh" "0x0283" 0.203 0.450 -0.018 1.000 0.450 1.000 0.450 1.000 0.135 1.000 0.135 1.000 0.000 1.000 0.000 1.000 0.000 1.000 0.000 1.000 0.000 1.000 0.000 1.000 0.000 1.000 0.639 1.000 0.639 1.000 0.799 1.000 0.799 1.000 0.259 1.000 0.259 1.000 0.637 1.000 0.637 1.000 0.000 1.000 0.000 1.000 0.000 1.000 0.000 1.000 0.000 1.000 0.000 1.000 "SHe : voiceless postalveolar fricative"
"jh" "0x02a4" 0.203 0.450 -0.018 1.000 0.450 1.000 0.450 1.000 0.135 1.000 0.135 1.000 0.000 1.000 0.000 1.000 0.000 1.000 0.000 1.000 0.000 1.000 0.000 1.000 0.000 1.000 0.639 1.000 0.639 1.000 0.799 1.000 0.799 1.000 0.259 1.000 0.259 1.000 0.637 1.000 0.637 1.000 0.000 1.000 0.000 1.000 0.000 1.000 0.000 1.000 0.000 1.000 0.000 1.000 "Joy : voiced postalveolar afficate"
"ch" "0x02a7" 0.203 0.450 -0.018 1.000 0.450 1.000 0.450 1.000 0.135 1.000 0.135 1.000 0.000 1.000 0.000 1.000 0.000 1.000 0.000 1.000 0.000 1.000 0.000 1.000 0.000 1.000 0.639 1.000 0.639 1.000 0.799 1.000 0.799 1.000 0.259 1.000 0.259 1.000 0.637 1.000 0.637 1.000 0.000 1.000 0.000 1.000 0.000 1.000 0.000 1.000 0.000 1.000 0.000 1.000 "CHin : voiceless postalveolar affricate"
"s" "s" 0.159 0.450 -0.002 1.000 0.175 1.000 0.175 1.000 0.810 1.000 0.810 1.000 0.537 1.000 0.537 1.000 0.338 1.000 0.338 1.000 0.000 1.000 0.060 1.000 0.060 1.000 -0.630 1.000 -0.630 1.000 -0.315 1.000 -0.315 1.000 0.000 1.000 0.000 1.000 0.000 1.000 0.000 1.000 0.000 1.000 0.000 1.000 0.000 1.000 0.000 1.000 0.000 1.000 0.000 1.000 "Sit : voiceless alveolar fricative"
"z" "z" 0.159 0.450 -0.002 1.000 0.175 1.000 0.175 1.000 0.810 1.000 0.810 1.000 0.537 1.000 0.537 1.000 0.338 1.000 0.338 1.000 0.000 1.000 0.060 1.000 0.060 1.000 -0.630 1.000 -0.630 1.000 -0.315 1.000 -0.315 1.000 0.000 1.000 0.000 1.000 0.000 1.000 0.000 1.000 0.000 1.000 0.000 1.000 0.000 1.000 0.000 1.000 0.000 1.000 0.000 1.000 "Zap : voiced alveolar fricative"
"d" "d" 0.159 0.450 -0.002 1.000 0.175 1.000 0.175 1.000 0.810 1.000 0.810 1.000 0.537 1.000 0.537 1.000 0.338 1.000 0.338 1.000 0.000 1.000 0.060 1.000 0.060 1.000 -0.630 1.000 -0.630 1.000 -0.315 1.000 -0.315 1.000 0.000 1.000 0.000 1.000 0.000 1.000 0.000 1.000 0.000 1.000 0.000 1.000 0.000 1.000 0.000 1.000 0.000 1.000 0.000 1.000 "Dig : voiced bilabial stop"
"d2" "0x027e" 0.159 0.450 -0.002 1.000 0.175 1.000 0.175 1.000 0.810 1.000 0.810 1.000 0.537 1.000 0.537 1.000 0.338 1.000 0.338 1.000 0.000 1.000 0.060 1.000 0.060 1.000 -0.630 1.000 -0.630 1.000 -0.315 1.000 -0.315 1.000 0.000 1.000 0.000 1.000 0.000 1.000 0.000 1.000 0.000 1.000 0.000 1.000 0.000 1.000 0.000 1.000 0.000 1.000 0.000 1.000 "Dig : voiced alveolar flap or tap"
"l" "l" 0.257 0.450 0.033 0.450 0.118 0.450 0.118 0.450 0.180 0.450 0.180 0.450 0.149 0.450 0.149 0.450 0.095 0.450 0.095 0.450 0.000 0.450 0.000 0.450 0.000 0.450 -0.177 1.000 -0.177 1.000 -0.230 1.000 -0.230 1.000 0.000 1.000 0.000 1.000 0.000 1.000 0.000 1.000 0.203 1.000 0.203 1.000 0.000 1.000 0.000 1.000 0.000 1.000 0.000 1.000 "Lid : voiced alveolar lateral approximant"
"l2" "0x026b" 0.257 0.450 0.033 0.450 0.118 0.450 0.118 0.450 0.180 0.450 0.180 0.450 0.149 0.450 0.149 0.450 0.095 0.450 0.095 0.450 0.000 0.450 0.000 0.450 0.000 0.450 -0.177 1.000 -0.177 1.000 -0.230 1.000 -0.230 1.000 0.000 1.000 0.000 1.000 0.000 1.000 0.000 1.000 0.203 1.000 0.203 1.000 0.000 1.000 0.000 1.000 0.000 1.000 0.000 1.000 "Lid : velarized voiced alveolar lateral approximant"
"n" "n" -0.059 0.450 0.036 0.450 0.000 0.450 0.000 0.450 0.192 0.450 0.192 0.450 0.192 0.450 0.192 0.450 0.169 0.450 0.169 0.450 0.000 0.450 0.091 0.450 0.091 0.450 0.000 0.450 0.000 0.450 0.000 0.450 0.000 0.450 0.000 0.450 0.000 0.450 0.000 0.450 0.000 0.450 0.000 0.450 0.000 0.450 0.000 0.450 0.000 0.450 0.000 0.450 0.000 0.450 "No : voiced alveolar nasal"
"t" "t" 0.159 0.450 -0.002 1.000 0.175 1.000 0.175 1.000 0.810 1.000 0.810 1.000 0.537 1.000 0.537 1.000 0.338 1.000 0.338 1.000 0.000 1.000 0.060 1.000 0.060 1.000 -0.630 1.000 -0.630 1.000 -0.315 1.000 -0.315 1.000 0.000 1.000 0.000 1.000 0.000 1.000 0.000 1.000 0.000 1.000 0.000 1.000 0.000 1.000 0.000 1.000 0.000 1.000 0.000 1.000 "Talk : voiceless bilabial stop"
"ow" "o" 0.000 0.450 0.426 0.450 0.221 0.450 0.221 0.450 -0.135 1.000 -0.135 1.000 -0.352 1.000 -0.352 1.000 0.140 1.000 0.140 1.000 0.000 1.000 0.168 1.000 0.168 1.000 0.450 1.000 0.450 1.000 1.000 1.000 1.000 1.000 0.810 1.000 0.810 1.000 0.322 1.000 0.322 1.000 0.000 1.000 0.000 1.000 0.000 1.000 0.000 1.000 0.000 1.000 0.000 1.000 "gO : upper-mid back rounded vowel"
"uw" "u" 0.000 0.450 0.233 0.450 0.029 0.450 0.029 0.450 0.000 0.450 0.000 0.450 0.041 0.450 0.041 0.450 0.000 0.450 0.000 0.450 0.000 0.450 0.000 0.450 0.000 0.450 0.000 0.450 0.000 0.450 0.000 0.450 0.000 0.450 0.450 0.450 0.450 0.450 0.450 0.450 0.450 0.450 0.000 0.450 0.000 0.450 0.000 0.450 0.000 0.450 0.000 0.450 0.000 0.450 "tOO : high back rounded vowel"
"ey" "e" 0.000 0.450 0.399 0.450 0.000 0.450 0.000 0.450 0.408 0.450 0.408 0.450 0.331 0.450 0.331 0.450 0.279 0.450 0.279 0.450 0.000 0.450 0.170 0.450 0.170 0.450 0.000 0.450 0.000 0.450 0.000 0.450 0.000 0.450 0.000 0.450 0.000 0.450 0.000 0.450 0.000 0.450 0.000 0.450 0.000 0.450 0.000 0.450 0.000 0.450 0.000 0.450 0.000 0.450 "Ate : upper-mid front unrounded vowel"
"ae" "0x00e6" 0.000 0.450 0.399 0.450 0.000 0.450 0.000 0.450 0.408 0.450 0.408 0.450 0.331 0.450 0.331 0.450 0.279 0.450 0.279 0.450 0.000 0.450 0.170 0.450 0.170 0.450 0.000 0.450 0.000 0.450 0.000 0.450 0.000 0.450 0.000 0.450 0.000 0.450 0.000 0.450 0.000 0.450 0.000 0.450 0.000 0.450 0.000 0.450 0.000 0.450 0.000 0.450 0.000 0.450 "cAt : semi-low front unrounded vowel"
"aa" "0x0251" 0.000 0.450 0.432 0.450 -0.005 1.000 -0.005 1.000 0.645 1.000 0.645 1.000 0.660 1.000 0.660 1.000 0.548 1.000 0.548 1.000 0.000 1.000 0.481 1.000 0.481 1.000 -0.270 1.000 -0.270 1.000 -0.135 1.000 -0.135 1.000 0.000 1.000 0.000 1.000 0.000 1.000 0.000 1.000 0.000 1.000 0.000 1.000 0.000 1.000 0.000 1.000 0.000 1.000 0.000 1.000 "fAther : low back unrounded vowel"
"aa2" "a" 0.000 0.450 0.432 0.450 -0.005 1.000 -0.005 1.000 0.645 1.000 0.645 1.000 0.660 1.000 0.660 1.000 0.548 1.000 0.548 1.000 0.000 1.000 0.481 1.000 0.481 1.000 -0.270 1.000 -0.270 1.000 -0.135 1.000 -0.135 1.000 0.000 1.000 0.000 1.000 0.000 1.000 0.000 1.000 0.000 1.000 0.000 1.000 0.000 1.000 0.000 1.000 0.000 1.000 0.000 1.000 "fAther : low front unrounded vowel"
"iy" "i" -0.075 0.450 0.046 0.450 0.000 0.450 0.000 0.450 0.244 0.450 0.244 0.450 0.244 0.450 0.244 0.450 0.215 0.450 0.215 0.450 0.000 0.450 0.116 0.450 0.116 0.450 0.000 0.450 0.000 0.450 0.000 0.450 0.000 0.450 0.000 0.450 0.000 0.450 0.000 0.450 0.000 0.450 0.000 0.450 0.000 0.450 0.000 0.450 0.000 0.450 0.000 0.450 0.000 0.450 "fEEl : high front unrounded vowel"
"y" "j" -0.075 0.450 0.046 0.450 0.000 0.450 0.000 0.450 0.244 0.450 0.244 0.450 0.244 0.450 0.244 0.450 0.215 0.450 0.215 0.450 0.000 0.450 0.116 0.450 0.116 0.450 0.000 0.450 0.000 0.450 0.000 0.450 0.000 0.450 0.000 0.450 0.000 0.450 0.000 0.450 0.000 0.450 0.000 0.450 0.000 0.450 0.000 0.450 0.000 0.450 0.000 0.450 0.000 0.450 "Yacht : voiced palatal approximant"
"ah" "0x028c" 0.131 0.450 0.447 0.450 0.031 0.450 0.031 0.450 0.224 0.450 0.224 0.450 0.266 0.450 0.266 0.450 0.008 0.450 0.008 0.450 0.000 0.450 0.030 0.450 0.030 0.450 0.119 0.450 0.119 0.450 0.310 0.450 0.310 0.450 0.115 0.450 0.115 0.450 0.032 0.450 0.032 0.450 0.000 0.450 0.000 0.450 0.000 0.450 0.000 0.450 0.000 0.450 0.000 0.450 "cUt : lower-mid back unrounded vowel"
"ao" "0x0254" 0.131 0.450 0.447 0.450 0.031 0.450 0.031 0.450 0.224 0.450 0.224 0.450 0.266 0.450 0.266 0.450 0.008 0.450 0.008 0.450 0.000 0.450 0.030 0.450 0.030 0.450 0.119 0.450 0.119 0.450 0.310 0.450 0.310 0.450 0.115 0.450 0.115 0.450 0.032 0.450 0.032 0.450 0.000 0.450 0.000 0.450 0.000 0.450 0.000 0.450 0.000 0.450 0.000 0.450 "dOg : lower-mid back rounded vowel"
"ax" "0x0259" 0.000 0.450 0.432 0.450 -0.005 1.000 -0.005 1.000 0.645 1.000 0.645 1.000 0.660 1.000 0.660 1.000 0.548 1.000 0.548 1.000 0.000 1.000 0.481 1.000 0.481 1.000 -0.270 1.000 -0.270 1.000 -0.135 1.000 -0.135 1.000 0.000 1.000 0.000 1.000 0.000 1.000 0.000 1.000 0.000 1.000 0.000 1.000 0.000 1.000 0.000 1.000 0.000 1.000 0.000 1.000 "Ago : mid-central unrounded vowel"
"ax2" "0x025c" 0.000 0.450 0.432 0.450 -0.005 1.000 -0.005 1.000 0.645 1.000 0.645 1.000 0.660 1.000 0.660 1.000 0.548 1.000 0.548 1.000 0.000 1.000 0.481 1.000 0.481 1.000 -0.270 1.000 -0.270 1.000 -0.135 1.000 -0.135 1.000 0.000 1.000 0.000 1.000 0.000 1.000 0.000 1.000 0.000 1.000 0.000 1.000 0.000 1.000 0.000 1.000 0.000 1.000 0.000 1.000 "Ago : lower-mid central unrounded vowel"
"eh" "0x025b" 0.000 0.450 0.280 0.450 0.000 0.450 0.000 0.450 0.287 0.450 0.287 0.450 0.233 0.450 0.233 0.450 0.196 0.450 0.196 0.450 0.000 0.450 0.119 0.450 0.119 0.450 0.000 0.450 0.000 0.450 0.000 0.450 0.000 0.450 0.000 0.450 0.000 0.450 0.000 0.450 0.000 0.450 0.000 0.450 0.000 0.450 0.000 0.450 0.000 0.450 0.000 0.450 0.000 0.450 "pEt : lower-mid front unrounded vowel"
"ih" "0x026a" -0.075 0.450 0.046 0.450 0.000 0.450 0.000 0.450 0.244 0.450 0.244 0.450 0.244 0.450 0.244 0.450 0.215 0.450 0.215 0.450 0.000 0.450 0.116 0.450 0.116 0.450 0.000 0.450 0.000 0.450 0.000 0.450 0.000 0.450 0.000 0.450 0.000 0.450 0.000 0.450 0.000 0.450 0.000 0.450 0.000 0.450 0.000 0.450 0.000 0.450 0.000 0.450 0.000 0.450 "fIll : semi-high front unrounded vowel"
"ih2" "0x0268" -0.075 0.450 0.046 0.450 0.000 0.450 0.000 0.450 0.244 0.450 0.244 0.450 0.244 0.450 0.244 0.450 0.215 0.450 0.215 0.450 0.000 0.450 0.116 0.450 0.116 0.450 0.000 0.450 0.000 0.450 0.000 0.450 0.000 0.450 0.000 0.450 0.000 0.450 0.000 0.450 0.000 0.450 0.000 0.450 0.000 0.450 0.000 0.450 0.000 0.450 0.000 0.450 0.000 0.450 "fIll : high central unrounded vowel"
"uh" "0x028a" 0.105 0.450 0.443 0.450 0.068 0.450 0.068 0.450 0.168 0.450 0.168 0.450 0.182 0.450 0.182 0.450 0.018 0.450 0.018 0.450 0.000 0.450 0.039 0.450 0.039 0.450 0.136 0.450 0.136 0.450 0.338 0.450 0.338 0.450 0.165 0.450 0.165 0.450 0.055 0.450 0.055 0.450 0.000 0.450 0.000 0.450 0.000 0.450 0.000 0.450 0.000 0.450 0.000 0.450 "bOOk : semi-high back rounded vowel"
"g" "g" 0.204 0.450 0.039 0.450 0.000 0.450 0.000 0.450 0.209 0.450 0.209 0.450 0.209 0.450 0.209 0.450 0.184 0.450 0.184 0.450 0.000 0.450 0.099 0.450 0.099 0.450 0.000 0.450 0.000 0.450 0.000 0.450 0.000 0.450 0.000 0.450 0.000 0.450 0.000 0.450 0.000 0.450 0.000 0.450 0.000 0.450 0.000 0.450 0.000 0.450 0.000 0.450 0.000 0.450 "taG : voiced velar stop"
"g2" "0x0261" 0.204 0.450 0.039 0.450 0.000 0.450 0.000 0.450 0.209 0.450 0.209 0.450 0.209 0.450 0.209 0.450 0.184 0.450 0.184 0.450 0.000 0.450 0.099 0.450 0.099 0.450 0.000 0.450 0.000 0.450 0.000 0.450 0.000 0.450 0.000 0.450 0.000 0.450 0.000 0.450 0.000 0.450 0.000 0.450 0.000 0.450 0.000 0.450 0.000 0.450 0.000 0.450 0.000 0.450 "taG : voiced velar stop"
"h" "h" -0.041 0.450 0.096 0.450 0.000 0.450 0.000 0.450 0.207 0.450 0.207 0.450 0.194 0.450 0.194 0.450 0.168 0.450 0.168 0.450 0.000 0.450 0.094 0.450 0.094 0.450 0.000 0.450 0.000 0.450 0.000 0.450 0.000 0.450 0.000 0.450 0.000 0.450 0.000 0.450 0.000 0.450 0.000 0.450 0.000 0.450 0.000 0.450 0.000 0.450 0.000 0.450 0.000 0.450 "Help : voiceless glottal fricative"
"hh" "h" -0.041 0.450 0.096 0.450 0.000 0.450 0.000 0.450 0.207 0.450 0.207 0.450 0.194 0.450 0.194 0.450 0.168 0.450 0.168 0.450 0.000 0.450 0.094 0.450 0.094 0.450 0.000 0.450 0.000 0.450 0.000 0.450 0.000 0.450 0.000 0.450 0.000 0.450 0.000 0.450 0.000 0.450 0.000 0.450 0.000 0.450 0.000 0.450 0.000 0.450 0.000 0.450 0.000 0.450 "Help : voiceless glottal fricative"
"hh2" "0x0266" -0.041 0.450 0.096 0.450 0.000 0.450 0.000 0.450 0.207 0.450 0.207 0.450 0.194 0.450 0.194 0.450 0.168 0.450 0.168 0.450 0.000 0.450 0.094 0.450 0.094 0.450 0.000 0.450 0.000 0.450 0.000 0.450 0.000 0.450 0.000 0.450 0.000 0.450 0.000 0.450 0.000 0.450 0.000 0.450 0.000 0.450 0.000 0.450 0.000 0.450 0.000 0.450 0.000 0.450 "Help : breathy-voiced glottal fricative"
"c" "k" 0.120 0.450 0.030 0.450 0.000 0.450 0.000 0.450 0.159 0.450 0.159 0.450 0.160 0.450 0.160 0.450 0.140 0.450 0.140 0.450 0.000 0.450 0.076 0.450 0.076 0.450 0.000 0.450 0.000 0.450 0.000 0.450 0.000 0.450 0.000 0.450 0.000 0.450 0.000 0.450 0.000 0.450 0.000 0.450 0.000 0.450 0.000 0.450 0.000 0.450 0.000 0.450 0.000 0.450 "Cut : voiceless velar stop"
"k" "k" 0.120 0.450 0.030 0.450 0.000 0.450 0.000 0.450 0.159 0.450 0.159 0.450 0.160 0.450 0.160 0.450 0.140 0.450 0.140 0.450 0.000 0.450 0.076 0.450 0.076 0.450 0.000 0.450 0.000 0.450 0.000 0.450 0.000 0.450 0.000 0.450 0.000 0.450 0.000 0.450 0.000 0.450 0.000 0.450 0.000 0.450 0.000 0.450 0.000 0.450 0.000 0.450 0.000 0.450 "Cut : voiceless velar stop"
"nx" "0x014b" 0.157 0.450 0.030 0.450 0.000 0.450 0.000 0.450 0.161 0.450 0.161 0.450 0.161 0.450 0.161 0.450 0.142 0.450 0.142 0.450 0.000 0.450 0.077 0.450 0.077 0.450 0.000 0.450 0.000 0.450 0.000 0.450 0.000 0.450 0.000 0.450 0.000 0.450 0.000 0.450 0.000 0.450 0.000 0.450 0.000 0.450 0.000 0.450 0.000 0.450 0.000 0.450 0.000 0.450 "siNG : voiced velar nasal"
"zh" "0x0292" 0.111 0.450 -0.010 1.000 0.247 1.000 0.247 1.000 0.074 1.000 0.074 1.000 0.000 1.000 0.000 1.000 0.000 1.000 0.000 1.000 0.000 1.000 0.000 1.000 0.000 1.000 0.351 1.000 0.351 1.000 0.439 1.000 0.439 1.000 0.142 1.000 0.142 1.000 0.350 1.000 0.350 1.000 0.000 1.000 0.000 1.000 0.000 1.000 0.000 1.000 0.000 1.000 0.000 1.000 "aZure : voiced postalveolar fricative"
"<sil>" "_" 0.000 0.450 0.000 0.450 0.000 0.450 0.000 0.450 0.000 0.450 0.000 0.450 0.000 0.450 0.000 0.450 0.000 0.450 0.000 0.450 0.000 0.450 0.000 0.450 0.000 0.450 0.000 0.450 0.000 0.450 0.000 0.450 0.000 0.450 0.000 0.450 0.000 0.450 0.000 0.450 0.000 0.450 0.000 0.450 0.000 0.450 0.000 0.450 0.000 0.450 0.000 0.450 0.000 0.450 "silence"
