$keys right_ScalpD left_ScalpD right_InnerSquint left_InnerSquint right_OuterSquint left_OuterSquint right_BrowInV left_BrowInV right_BrowOutV left_BrowOutV right_Frown left_Frown right_NoseV left_NoseV right_NostrilFlare left_NostrilFlare right_CheekV left_CheekV right_CheekH left_CheekH JawD JawH JawV right_LipsV left_LipsV right_LipUpV left_LipUpV right_LipLoV left_LipLoV right_Smile left_Smile multi_Smile right_Platysmus left_Platysmus right_FoldLipUp left_FoldLipUp right_FoldLipLo left_FoldLipLo right_PuckerLipUp left_PuckerLipUp right_PuckerLipLo left_PuckerLipLo right_LipCnrTwst left_LipCnrTwst right_Dimple left_Dimple right_PuffLipUp left_PuffLipUp right_PuffLipLo left_PuffLipLo
$hasweighting
"b" "b" 0.000 1.000 0.000 1.000 0.000 1.000 0.000 1.000 0.000 1.000 0.000 1.000 0.000 1.000 0.000 1.000 0.000 1.000 0.000 1.000 0.000 1.000 0.000 1.000 0.000 1.000 0.000 1.000 0.000 1.000 0.000 1.000 0.000 1.000 0.000 1.000 0.000 1.000 0.000 1.000 0.000 1.000 0.000 1.000 0.124 1.000 -0.150 1.000 -0.150 1.000 0.663 1.000 0.663 1.000 -0.809 1.000 -0.809 1.000 0.015 1.000 0.015 1.000 0.000 1.000 0.000 1.000 0.000 1.000 -0.506 1.000 -0.506 1.000 -0.390 1.000 -0.390 1.000 0.210 1.000 0.210 1.000 0.188 1.000 0.188 1.000 0.248 1.000 0.248 1.000 0.000 1.000 0.000 1.000 0.199 1.000 0.199 1.000 0.000 1.000 0.000 1.000 "Big : voiced alveolar stop"
"m" "m" 0.000 1.000 0.000 1.000 0.000 1.000 0.000 1.000 0.000 1.000 0.000 1.000 0.000 1.000 0.000 1.000 0.000 1.000 0.000 1.000 0.000 1.000 0.000 1.000 0.000 1.000 0.000 1.000 0.000 1.000 0.000 1.000 0.000 1.000 0.000 1.000 0.000 1.000 0.000 1.000 0.000 1.000 0.000 1.000 -0.221 1.000 -0.150 1.000 -0.150 1.000 0.663 1.000 0.663 1.000 -0.809 1.000 -0.809 1.000 0.180 1.000 0.180 1.000 0.000 1.000 0.105 1.000 0.105 1.000 -0.506 1.000 -0.506 1.000 -0.390 1.000 -0.390 1.000 0.210 1.000 0.210 1.000 0.188 1.000 0.188 1.000 0.248 1.000 0.248 1.000 0.000 1.000 0.000 1.000 0.199 1.000 0.199 1.000 0.000 1.000 0.000 1.000 "Mat : voiced bilabial nasal"
"p" "p" 0.000 1.000 0.000 1.000 0.000 1.000 0.000 1.000 0.000 1.000 0.000 1.000 0.000 1.000 0.000 1.000 0.000 1.000 0.000 1.000 0.000 1.000 0.000 1.000 0.000 1.000 0.000 1.000 0.000 1.000 0.000 1.000 0.000 1.000 0.000 1.000 0.000 1.000 0.000 1.000 0.000 1.000 0.000 1.000 -0.071 1.000 -0.405 1.000 -0.405 1.000 0.513 1.000 0.513 1.000 -0.839 1.000 -0.839 1.000 0.180 1.000 0.180 1.000 0.000 1.000 0.105 1.000 0.105 1.000 -0.326 1.000 -0.326 1.000 -0.300 1.000 -0.300 1.000 0.352 1.000 0.352 1.000 0.330 1.000 0.330 1.000 0.248 1.000 0.248 1.000 0.000 1.000 0.000 1.000 0.199 1.000 0.199 1.000 0.000 1.000 0.000 1.000 "Put; voiceless alveolar stop"
"w" "w" 0.000 1.000 0.000 1.000 0.000 1.000 0.000 1.000 0.000 1.000 0.000 1.000 0.000 1.000 0.000 1.000 0.000 1.000 0.000 1.000 0.000 1.000 0.000 1.000 0.000 1.000 0.000 1.000 0.000 1.000 0.000 1.000 0.000 1.000 0.000 1.000 0.000 1.000 0.000 1.000 0.000 1.000 0.000 1.000 0.296 1.000 1.000 1.000 1.000 1.000 1.000 1.000 1.000 1.000 1.000 1.000 1.000 1.000 0.150 1.000 0.150 1.000 0.000 1.000 0.000 1.000 0.000 1.000 -0.315 1.000 -0.315 1.000 -0.405 1.000 -0.405 1.000 0.657 1.000 0.657 1.000 0.695 1.000 0.695 1.000 0.195 1.000 0.195 1.000 0.000 1.000 0.000 1.000 0.240 1.000 0.240 1.000 0.225 1.000 0.225 1.000 "With : voiced labial-velar approximant"
"f" "f" 0.000 1.000 0.000 1.000 0.000 1.000 0.000 1.000 0.000 1.000 0.000 1.000 0.000 1.000 0.000 1.000 0.000 1.000 0.000 1.000 0.000 1.000 0.000 1.000 0.105 1.000 0.105 1.000 0.000 1.000 0.000 1.000 0.000 1.000 0.000 1.000 0.000 1.000 0.000 1.000 0.000 1.000 0.000 1.000 0.124 1.000 -0.150 1.000 -0.150 1.000 0.663 1.000 0.663 1.000 -0.809 1.000 -0.809 1.000 0.015 1.000 0.015 1.000 0.000 1.000 0.000 1.000 0.000 1.000 -0.506 1.000 -0.506 1.000 -0.390 1.000 -0.390 1.000 0.210 1.000 0.210 1.000 0.188 1.000 0.188 1.000 0.248 1.000 0.248 1.000 0.000 1.000 0.000 1.000 0.199 1.000 0.199 1.000 0.000 1.000 0.000 1.000 "Fork : voiceless labiodental fricative"
"v" "v" 0.000 1.000 0.000 1.000 0.000 1.000 0.000 1.000 0.000 1.000 0.000 1.000 0.000 1.000 0.000 1.000 0.000 1.000 0.000 1.000 0.000 1.000 0.000 1.000 0.105 1.000 0.105 1.000 0.000 1.000 0.000 1.000 0.000 1.000 0.000 1.000 0.000 1.000 0.000 1.000 0.090 1.000 0.015 1.000 -0.060 1.000 0.212 1.000 0.212 1.000 1.000 1.000 1.000 1.000 -0.300 1.000 -0.300 1.000 0.000 1.000 0.000 1.000 0.000 1.000 0.000 1.000 0.000 1.000 0.510 1.000 0.510 1.000 -0.850 1.000 -0.850 1.000 0.240 1.000 0.240 1.000 0.502 1.000 0.502 1.000 0.490 1.000 0.490 1.000 0.000 1.000 0.000 1.000 0.000 1.000 0.000 1.000 0.000 1.000 0.000 1.000 "Val : voiced labialdental fricative"
"r" "0x0279" 0.000 1.000 0.000 1.000 0.000 1.000 0.000 1.000 0.000 1.000 0.000 1.000 0.000 1.000 0.000 1.000 0.000 1.000 0.000 1.000 0.000 1.000 0.000 1.000 0.000 1.000 0.000 1.000 0.000 1.000 0.000 1.000 0.000 1.000 0.000 1.000 0.000 1.000 0.000 1.000 0.195 1.000 0.000 1.000 0.150 1.000 0.160 1.000 0.160 1.000 0.645 1.000 0.645 1.000 -0.090 1.000 -0.090 1.000 0.000 1.000 0.000 1.000 0.000 1.000 0.000 1.000 0.000 1.000 0.435 1.000 0.435 1.000 0.315 1.000 0.315 1.000 0.248 1.000 0.248 1.000 0.007 1.000 0.007 1.000 0.000 1.000 0.000 1.000 0.000 1.000 0.000 1.000 0.000 1.000 0.000 1.000 0.000 1.000 0.000 1.000 "Red : voiced alveolar approximant"
"r2" "r" 0.000 1.000 0.000 1.000 0.000 1.000 0.000 1.000 0.000 1.000 0.000 1.000 0.000 1.000 0.000 1.000 0.000 1.000 0.000 1.000 0.000 1.000 0.000 1.000 0.000 1.000 0.000 1.000 0.000 1.000 0.000 1.000 0.000 1.000 0.000 1.000 0.000 1.000 0.000 1.000 0.195 1.000 0.000 1.000 0.150 1.000 0.160 1.000 0.160 1.000 0.645 1.000 0.645 1.000 -0.090 1.000 -0.090 1.000 0.000 1.000 0.000 1.000 0.000 1.000 0.000 1.000 0.000 1.000 0.435 1.000 0.435 1.000 0.315 1.000 0.315 1.000 0.248 1.000 0.248 1.000 0.007 1.000 0.007 1.000 0.000 1.000 0.000 1.000 0.000 1.000 0.000 1.000 0.000 1.000 0.000 1.000 0.000 1.000 0.000 1.000 "Red : voiced alveolar trill"
"r3" "0x027b" 0.000 1.000 0.000 1.000 0.000 1.000 0.000 1.000 0.000 1.000 0.000 1.000 0.000 1.000 0.000 1.000 0.000 1.000 0.000 1.000 0.000 1.000 0.000 1.000 0.000 1.000 0.000 1.000 0.000 1.000 0.000 1.000 0.000 1.000 0.000 1.000 0.000 1.000 0.000 1.000 0.195 1.000 0.000 1.000 0.150 1.000 0.160 1.000 0.160 1.000 0.645 1.000 0.645 1.000 -0.090 1.000 -0.090 1.000 0.000 1.000 0.000 1.000 0.000 1.000 0.000 1.000 0.000 1.000 0.435 1.000 0.435 1.000 0.315 1.000 0.315 1.000 0.248 1.000 0.248 1.000 0.007 1.000 0.007 1.000 0.000 1.000 0.000 1.000 0.000 1.000 0.000 1.000 0.000 1.000 0.000 1.000 0.000 1.000 0.000 1.000 "Red : voiced retroflex approximant"
"er" "0x025a" 0.000 1.000 0.000 1.000 0.000 1.000 0.000 1.000 0.000 1.000 0.000 1.000 0.000 1.000 0.000 1.000 0.000 1.000 0.000 1.000 0.000 1.000 0.000 1.000 0.000 1.000 0.000 1.000 0.000 1.000 0.000 1.000 0.000 1.000 0.000 1.000 0.000 1.000 0.000 1.000 0.195 1.000 0.000 1.000 0.270 1.000 0.160 1.000 0.160 1.000 0.645 1.000 0.645 1.000 0.330 1.000 0.330 1.000 0.000 1.000 0.000 1.000 0.000 1.000 0.000 1.000 0.000 1.000 0.435 1.000 0.435 1.000 0.390 1.000 0.390 1.000 0.135 1.000 0.135 1.000 0.255 1.000 0.255 1.000 0.000 1.000 0.000 1.000 0.000 1.000 0.000 1.000 0.000 1.000 0.000 1.000 0.000 1.000 0.000 1.000 "URn : rhotacized schwa"
"er2" "0x025d" 0.000 1.000 0.000 1.000 0.000 1.000 0.000 1.000 0.000 1.000 0.000 1.000 0.000 1.000 0.000 1.000 0.000 1.000 0.000 1.000 0.000 1.000 0.000 1.000 0.000 1.000 0.000 1.000 0.000 1.000 0.000 1.000 0.000 1.000 0.000 1.000 0.000 1.000 0.000 1.000 0.195 1.000 0.000 1.000 0.270 1.000 0.160 1.000 0.160 1.000 0.645 1.000 0.645 1.000 0.330 1.000 0.330 1.000 0.000 1.000 0.000 1.000 0.000 1.000 0.000 1.000 0.000 1.000 0.435 1.000 0.435 1.000 0.390 1.000 0.390 1.000 0.135 1.000 0.135 1.000 0.255 1.000 0.255 1.000 0.000 1.000 0.000 1.000 0.000 1.000 0.000 1.000 0.000 1.000 0.000 1.000 0.000 1.000 0.000 1.000 "URn : rhotacized lower-mid central vowel"
"dh" "0x00f0" 0.000 1.000 0.000 1.000 0.000 1.000 0.000 1.000 0.000 1.000 0.000 1.000 0.000 1.000 0.000 1.000 0.000 1.000 0.000 1.000 0.000 1.000 0.000 1.000 0.000 1.000 0.000 1.000 0.000 1.000 0.000 1.000 0.000 1.000 0.000 1.000 0.000 1.000 0.000 1.000 0.240 1.000 0.000 1.000 0.105 1.000 0.220 1.000 0.220 1.000 0.675 1.000 0.675 1.000 0.555 1.000 0.555 1.000 0.300 1.000 0.300 1.000 0.000 1.000 0.240 1.000 0.240 1.000 -0.225 1.000 -0.225 1.000 0.585 1.000 0.585 1.000 0.120 1.000 0.120 1.000 0.142 1.000 0.142 1.000 0.000 1.000 0.000 1.000 0.000 1.000 0.000 1.000 0.000 1.000 0.000 1.000 0.000 1.000 0.000 1.000 "THen : voiced dental fricative"
"th" "0x03b8" 0.000 1.000 0.000 1.000 0.000 1.000 0.000 1.000 0.000 1.000 0.000 1.000 0.000 1.000 0.000 1.000 0.000 1.000 0.000 1.000 0.000 1.000 0.000 1.000 0.000 1.000 0.000 1.000 0.000 1.000 0.000 1.000 0.000 1.000 0.000 1.000 0.000 1.000 0.000 1.000 0.240 1.000 0.000 1.000 0.090 1.000 0.640 1.000 0.640 1.000 1.000 1.000 1.000 1.000 0.555 1.000 0.555 1.000 0.300 1.000 0.300 1.000 0.000 1.000 0.240 1.000 0.240 1.000 -0.225 1.000 -0.225 1.000 0.585 1.000 0.585 1.000 0.405 1.000 0.405 1.000 0.435 1.000 0.435 1.000 0.000 1.000 0.000 1.000 0.000 1.000 0.000 1.000 0.000 1.000 0.000 1.000 0.000 1.000 0.000 1.000 "THin : voiceless dental fricative"
"sh" "0x0283" 0.000 1.000 0.000 1.000 0.000 1.000 0.000 1.000 0.000 1.000 0.000 1.000 0.000 1.000 0.000 1.000 0.000 1.000 0.000 1.000 0.000 1.000 0.000 1.000 0.000 1.000 0.000 1.000 0.000 1.000 0.000 1.000 0.000 1.000 0.000 1.000 0.000 1.000 0.000 1.000 -0.108 1.000 0.000 1.000 0.018 1.000 0.501 1.000 0.501 1.000 0.495 1.000 0.495 1.000 -0.165 1.000 -0.165 1.000 0.000 1.000 0.000 1.000 0.000 1.000 0.000 1.000 0.000 1.000 0.473 1.000 0.473 1.000 0.377 1.000 0.377 1.000 0.261 1.000 0.261 1.000 0.225 1.000 0.225 1.000 0.000 1.000 0.000 1.000 0.158 1.000 0.158 1.000 0.000 1.000 0.000 1.000 0.000 1.000 0.000 1.000 "SHe : voiceless postalveolar fricative"
"jh" "0x02a4" 0.000 1.000 0.000 1.000 0.000 1.000 0.000 1.000 0.000 1.000 0.000 1.000 0.000 1.000 0.000 1.000 0.000 1.000 0.000 1.000 0.000 1.000 0.000 1.000 0.000 1.000 0.000 1.000 0.000 1.000 0.000 1.000 0.000 1.000 0.000 1.000 0.000 1.000 0.000 1.000 0.045 1.000 0.000 1.000 0.101 1.000 0.529 1.000 0.529 1.000 1.000 1.000 1.000 1.000 0.780 1.000 0.780 1.000 0.172 1.000 0.172 1.000 0.000 1.000 0.000 1.000 0.000 1.000 -0.315 1.000 -0.315 1.000 0.255 1.000 0.255 1.000 0.428 1.000 0.428 1.000 0.398 1.000 0.398 1.000 0.000 1.000 0.000 1.000 0.000 1.000 0.000 1.000 0.240 1.000 0.240 1.000 0.225 1.000 0.225 1.000 "Joy : voiced postalveolar afficate"
"ch" "0x02a7" 0.000 1.000 0.000 1.000 0.000 1.000 0.000 1.000 0.000 1.000 0.000 1.000 0.000 1.000 0.000 1.000 0.000 1.000 0.000 1.000 0.000 1.000 0.000 1.000 0.000 1.000 0.000 1.000 0.000 1.000 0.000 1.000 0.000 1.000 0.000 1.000 0.000 1.000 0.000 1.000 -0.108 1.000 0.000 1.000 0.018 1.000 0.501 1.000 0.501 1.000 0.495 1.000 0.495 1.000 -0.165 1.000 -0.165 1.000 0.000 1.000 0.000 1.000 0.000 1.000 0.000 1.000 0.000 1.000 0.473 1.000 0.473 1.000 0.377 1.000 0.377 1.000 0.261 1.000 0.261 1.000 0.225 1.000 0.225 1.000 0.000 1.000 0.000 1.000 0.158 1.000 0.158 1.000 0.000 1.000 0.000 1.000 0.000 1.000 0.000 1.000 "CHin : voiceless postalveolar affricate"
"s" "s" 0.000 1.000 0.000 1.000 0.000 1.000 0.000 1.000 0.000 1.000 0.000 1.000 0.000 1.000 0.000 1.000 0.000 1.000 0.000 1.000 0.000 1.000 0.000 1.000 0.000 1.000 0.000 1.000 0.000 1.000 0.000 1.000 0.000 1.000 0.000 1.000 0.000 1.000 0.000 1.000 0.190 1.000 0.000 1.000 0.030 1.000 0.295 1.000 0.295 1.000 0.690 1.000 0.690 1.000 0.715 1.000 0.715 1.000 0.412 1.000 0.412 1.000 0.000 1.000 0.203 1.000 0.203 1.000 -0.345 1.000 -0.345 1.000 -0.360 1.000 -0.360 1.000 0.052 1.000 0.052 1.000 0.105 1.000 0.105 1.000 0.000 1.000 0.000 1.000 0.000 1.000 0.000 1.000 0.000 1.000 0.000 1.000 0.000 1.000 0.000 1.000 "Sit : voiceless alveolar fricative"
"z" "z" 0.000 1.000 0.000 1.000 0.000 1.000 0.000 1.000 0.000 1.000 0.000 1.000 0.000 1.000 0.000 1.000 0.000 1.000 0.000 1.000 0.000 1.000 0.000 1.000 0.000 1.000 0.000 1.000 0.000 1.000 0.000 1.000 0.000 1.000 0.000 1.000 0.000 1.000 0.000 1.000 0.190 1.000 0.000 1.000 0.030 1.000 0.295 1.000 0.295 1.000 0.690 1.000 0.690 1.000 0.715 1.000 0.715 1.000 0.203 1.000 0.203 1.000 0.000 1.000 0.203 1.000 0.203 1.000 -0.345 1.000 -0.345 1.000 -0.360 1.000 -0.360 1.000 0.052 1.000 0.052 1.000 0.105 1.000 0.105 1.000 0.000 1.000 0.000 1.000 0.000 1.000 0.000 1.000 0.000 1.000 0.000 1.000 0.000 1.000 0.000 1.000 "Zap : voiced alveolar fricative"
"d" "d" 0.000 1.000 0.000 1.000 0.000 1.000 0.000 1.000 0.000 1.000 0.000 1.000 0.000 1.000 0.000 1.000 0.000 1.000 0.000 1.000 0.000 1.000 0.000 1.000 0.000 1.000 0.000 1.000 0.000 1.000 0.000 1.000 0.000 1.000 0.000 1.000 0.000 1.000 0.000 1.000 0.190 1.000 0.000 1.000 0.030 1.000 0.295 1.000 0.295 1.000 0.690 1.000 0.690 1.000 0.715 1.000 0.715 1.000 0.052 1.000 0.052 1.000 0.000 1.000 0.203 1.000 0.203 1.000 -0.345 1.000 -0.345 1.000 -0.360 1.000 -0.360 1.000 0.052 1.000 0.052 1.000 0.105 1.000 0.105 1.000 0.000 1.000 0.000 1.000 0.000 1.000 0.000 1.000 0.000 1.000 0.000 1.000 0.000 1.000 0.000 1.000 "Dig : voiced bilabial stop"
"d2" "0x027e" 0.000 1.000 0.000 1.000 0.000 1.000 0.000 1.000 0.000 1.000 0.000 1.000 0.000 1.000 0.000 1.000 0.000 1.000 0.000 1.000 0.000 1.000 0.000 1.000 0.000 1.000 0.000 1.000 0.000 1.000 0.000 1.000 0.000 1.000 0.000 1.000 0.000 1.000 0.000 1.000 0.190 1.000 0.000 1.000 0.030 1.000 0.295 1.000 0.295 1.000 0.690 1.000 0.690 1.000 0.715 1.000 0.715 1.000 0.052 1.000 0.052 1.000 0.000 1.000 0.203 1.000 0.203 1.000 -0.345 1.000 -0.345 1.000 -0.360 1.000 -0.360 1.000 0.052 1.000 0.052 1.000 0.105 1.000 0.105 1.000 0.000 1.000 0.000 1.000 0.000 1.000 0.000 1.000 0.000 1.000 0.000 1.000 0.000 1.000 0.000 1.000 "Dig : voiced alveolar flap or tap"
"l" "l" 0.000 1.000 0.000 1.000 0.000 1.000 0.000 1.000 0.000 1.000 0.000 1.000 0.000 1.000 0.000 1.000 0.000 1.000 0.000 1.000 0.000 1.000 0.000 1.000 0.000 1.000 0.000 1.000 0.000 1.000 0.000 1.000 0.000 1.000 0.000 1.000 0.000 1.000 0.000 1.000 0.000 1.000 0.000 1.000 0.460 1.000 1.000 1.000 1.000 1.000 0.000 1.000 0.000 1.000 0.000 1.000 0.000 1.000 0.000 1.000 0.000 1.000 0.000 1.000 0.000 1.000 0.000 1.000 0.390 1.000 0.390 1.000 0.015 1.000 0.015 1.000 0.000 1.000 0.000 1.000 0.000 1.000 0.000 1.000 0.000 1.000 0.000 1.000 0.000 1.000 0.000 1.000 0.000 1.000 0.000 1.000 0.000 1.000 0.000 1.000 "Lid : voiced alveolar lateral approximant"
"l2" "0x026b" 0.000 1.000 0.000 1.000 0.000 1.000 0.000 1.000 0.000 1.000 0.000 1.000 0.000 1.000 0.000 1.000 0.000 1.000 0.000 1.000 0.000 1.000 0.000 1.000 0.000 1.000 0.000 1.000 0.000 1.000 0.000 1.000 0.000 1.000 0.000 1.000 0.000 1.000 0.000 1.000 0.000 1.000 0.000 1.000 0.460 1.000 1.000 1.000 1.000 1.000 0.000 1.000 0.000 1.000 0.000 1.000 0.000 1.000 0.000 1.000 0.000 1.000 0.000 1.000 0.000 1.000 0.000 1.000 0.390 1.000 0.390 1.000 0.015 1.000 0.015 1.000 0.000 1.000 0.000 1.000 0.000 1.000 0.000 1.000 0.000 1.000 0.000 1.000 0.000 1.000 0.000 1.000 0.000 1.000 0.000 1.000 0.000 1.000 0.000 1.000 "Lid : velarized voiced alveolar lateral approximant"
"n" "n" 0.000 1.000 0.000 1.000 0.000 1.000 0.000 1.000 0.000 1.000 0.000 1.000 0.000 1.000 0.000 1.000 0.000 1.000 0.000 1.000 0.000 1.000 0.000 1.000 0.000 1.000 0.000 1.000 0.000 1.000 0.000 1.000 0.000 1.000 0.000 1.000 0.000 1.000 0.000 1.000 0.240 1.000 0.000 1.000 0.105 1.000 1.000 1.000 1.000 1.000 1.000 1.000 1.000 1.000 0.555 1.000 0.555 1.000 0.300 1.000 0.300 1.000 0.000 1.000 0.240 1.000 0.240 1.000 -0.225 1.000 -0.225 1.000 0.585 1.000 0.585 1.000 0.570 1.000 0.570 1.000 0.548 1.000 0.548 1.000 0.000 1.000 0.000 1.000 0.000 1.000 0.000 1.000 0.000 1.000 0.000 1.000 0.000 1.000 0.000 1.000 "No : voiced alveolar nasal"
"t" "t" 0.000 1.000 0.000 1.000 0.000 1.000 0.000 1.000 0.000 1.000 0.000 1.000 0.000 1.000 0.000 1.000 0.000 1.000 0.000 1.000 0.000 1.000 0.000 1.000 0.000 1.000 0.000 1.000 0.000 1.000 0.000 1.000 0.000 1.000 0.000 1.000 0.000 1.000 0.000 1.000 -0.085 1.000 0.000 1.000 0.105 1.000 1.000 1.000 1.000 1.000 1.000 1.000 1.000 1.000 1.000 1.000 1.000 1.000 0.848 1.000 0.848 1.000 0.000 1.000 0.278 1.000 0.278 1.000 0.000 1.000 0.000 1.000 0.000 1.000 0.000 1.000 0.398 1.000 0.398 1.000 0.458 1.000 0.458 1.000 0.000 1.000 0.000 1.000 0.000 1.000 0.000 1.000 0.000 1.000 0.000 1.000 0.000 1.000 0.000 1.000 "Talk : voiceless bilabial stop"
"ow" "o" 0.000 1.000 0.000 1.000 0.000 1.000 0.000 1.000 0.000 1.000 0.000 1.000 0.000 1.000 0.000 1.000 0.000 1.000 0.000 1.000 0.000 1.000 0.000 1.000 0.000 1.000 0.000 1.000 0.000 1.000 0.000 1.000 0.000 1.000 0.000 1.000 0.000 1.000 0.000 1.000 0.000 1.000 0.000 1.000 0.311 1.000 1.000 1.000 1.000 1.000 1.000 1.000 1.000 1.000 1.000 1.000 1.000 1.000 0.000 1.000 0.000 1.000 0.000 1.000 0.000 1.000 0.000 1.000 0.270 1.000 0.270 1.000 0.210 1.000 0.210 1.000 0.679 1.000 0.679 1.000 0.619 1.000 0.619 1.000 0.195 1.000 0.195 1.000 0.000 1.000 0.000 1.000 0.000 1.000 0.000 1.000 0.000 1.000 0.000 1.000 "gO : upper-mid back rounded vowel"
"o" "_" 0.000 1.000 0.000 1.000 0.000 1.000 0.000 1.000 0.000 1.000 0.000 1.000 0.000 1.000 0.000 1.000 0.000 1.000 0.000 1.000 0.000 1.000 0.000 1.000 0.000 1.000 0.000 1.000 0.000 1.000 0.000 1.000 0.000 1.000 0.000 1.000 0.000 1.000 0.000 1.000 0.000 1.000 0.000 1.000 0.415 1.000 0.650 1.000 0.650 1.000 0.390 1.000 0.390 1.000 0.555 1.000 0.555 1.000 0.172 1.000 0.172 1.000 0.000 1.000 0.000 1.000 0.000 1.000 0.435 1.000 0.435 1.000 0.390 1.000 0.390 1.000 0.463 1.000 0.463 1.000 0.320 1.000 0.320 1.000 0.000 1.000 0.000 1.000 0.000 1.000 0.000 1.000 0.000 1.000 0.000 1.000 0.000 1.000 0.000 1.000 "o"
"uw" "u" 0.000 1.000 0.000 1.000 0.000 1.000 0.000 1.000 0.000 1.000 0.000 1.000 0.000 1.000 0.000 1.000 0.000 1.000 0.000 1.000 0.000 1.000 0.000 1.000 0.000 1.000 0.000 1.000 0.000 1.000 0.000 1.000 0.000 1.000 0.000 1.000 0.000 1.000 0.000 1.000 0.000 1.000 0.000 1.000 0.311 1.000 0.169 1.000 0.169 1.000 0.300 1.000 0.300 1.000 -0.045 1.000 -0.045 1.000 0.000 1.000 0.000 1.000 0.000 1.000 0.000 1.000 0.000 1.000 0.270 1.000 0.270 1.000 0.210 1.000 0.210 1.000 0.679 1.000 0.679 1.000 0.619 1.000 0.619 1.000 0.195 1.000 0.195 1.000 0.000 1.000 0.000 1.000 0.000 1.000 0.000 1.000 0.000 1.000 0.000 1.000 "tOO : high back rounded vowel"
"u" "_" 0.000 1.000 0.000 1.000 0.000 1.000 0.000 1.000 0.000 1.000 0.000 1.000 0.000 1.000 0.000 1.000 0.000 1.000 0.000 1.000 0.000 1.000 0.000 1.000 0.000 1.000 0.000 1.000 0.000 1.000 0.000 1.000 0.000 1.000 0.000 1.000 0.000 1.000 0.000 1.000 0.000 1.000 0.000 1.000 0.311 1.000 0.169 1.000 0.169 1.000 0.300 1.000 0.300 1.000 -0.045 1.000 -0.045 1.000 0.000 1.000 0.000 1.000 0.000 1.000 0.000 1.000 0.000 1.000 0.270 1.000 0.270 1.000 0.210 1.000 0.210 1.000 0.679 1.000 0.679 1.000 0.619 1.000 0.619 1.000 0.195 1.000 0.195 1.000 0.000 1.000 0.000 1.000 0.000 1.000 0.000 1.000 0.000 1.000 0.000 1.000 "u"
"ey" "e" 0.000 1.000 0.000 1.000 0.000 1.000 0.000 1.000 0.000 1.000 0.000 1.000 0.000 1.000 0.000 1.000 0.000 1.000 0.000 1.000 0.000 1.000 0.000 1.000 0.000 1.000 0.000 1.000 0.000 1.000 0.000 1.000 0.000 1.000 0.000 1.000 0.000 1.000 0.000 1.000 0.360 1.000 0.000 1.000 0.315 1.000 0.700 1.000 0.700 1.000 0.855 1.000 0.855 1.000 0.435 1.000 0.435 1.000 0.123 1.000 0.123 1.000 0.000 1.000 0.458 1.000 0.458 1.000 0.210 1.000 0.210 1.000 0.225 1.000 0.225 1.000 0.000 1.000 0.000 1.000 0.000 1.000 0.000 1.000 0.000 1.000 0.000 1.000 0.120 1.000 0.120 1.000 0.000 1.000 0.000 1.000 0.000 1.000 0.000 1.000 "Ate : upper-mid front unrounded vowel"
"e" "_" 0.000 1.000 0.000 1.000 0.000 1.000 0.000 1.000 0.000 1.000 0.000 1.000 0.000 1.000 0.000 1.000 0.000 1.000 0.000 1.000 0.000 1.000 0.000 1.000 0.000 1.000 0.000 1.000 0.000 1.000 0.000 1.000 0.000 1.000 0.000 1.000 0.000 1.000 0.000 1.000 0.360 1.000 0.000 1.000 0.270 1.000 0.580 1.000 0.580 1.000 0.855 1.000 0.855 1.000 0.435 1.000 0.435 1.000 0.452 1.000 0.452 1.000 0.000 1.000 0.645 1.000 0.645 1.000 0.210 1.000 0.210 1.000 0.225 1.000 0.225 1.000 0.000 1.000 0.000 1.000 0.000 1.000 0.000 1.000 0.000 1.000 0.000 1.000 0.120 1.000 0.120 1.000 0.000 1.000 0.000 1.000 0.000 1.000 0.000 1.000 "e"
"ae" "0x00e6" 0.000 1.000 0.000 1.000 0.000 1.000 0.000 1.000 0.000 1.000 0.000 1.000 0.000 1.000 0.000 1.000 0.000 1.000 0.000 1.000 0.000 1.000 0.000 1.000 0.000 1.000 0.000 1.000 0.000 1.000 0.000 1.000 0.000 1.000 0.000 1.000 0.000 1.000 0.000 1.000 0.000 1.000 0.000 1.000 0.480 1.000 0.285 1.000 0.285 1.000 0.625 1.000 0.625 1.000 0.580 1.000 0.580 1.000 0.363 1.000 0.363 1.000 0.000 1.000 0.498 1.000 0.498 1.000 0.210 1.000 0.210 1.000 0.165 1.000 0.165 1.000 0.090 1.000 0.090 1.000 0.060 1.000 0.060 1.000 0.000 1.000 0.000 1.000 0.000 1.000 0.000 1.000 0.000 1.000 0.000 1.000 0.000 1.000 0.000 1.000 "cAt : semi-low front unrounded vowel"
"aa" "0x0251" 0.000 1.000 0.000 1.000 0.000 1.000 0.000 1.000 0.000 1.000 0.000 1.000 0.000 1.000 0.000 1.000 0.000 1.000 0.000 1.000 0.000 1.000 0.000 1.000 0.000 1.000 0.000 1.000 0.000 1.000 0.000 1.000 0.000 1.000 0.000 1.000 0.000 1.000 0.000 1.000 0.000 1.000 0.000 1.000 0.465 1.000 0.000 1.000 0.000 1.000 0.595 1.000 0.595 1.000 0.640 1.000 0.640 1.000 0.228 1.000 0.228 1.000 0.000 1.000 0.625 1.000 0.625 1.000 0.210 1.000 0.210 1.000 0.165 1.000 0.165 1.000 0.090 1.000 0.090 1.000 0.060 1.000 0.060 1.000 0.000 1.000 0.000 1.000 0.000 1.000 0.000 1.000 0.000 1.000 0.000 1.000 0.000 1.000 0.000 1.000 "fAther : low back unrounded vowel"
"aa2" "a" 0.000 1.000 0.000 1.000 0.000 1.000 0.000 1.000 0.000 1.000 0.000 1.000 0.000 1.000 0.000 1.000 0.000 1.000 0.000 1.000 0.000 1.000 0.000 1.000 0.000 1.000 0.000 1.000 0.000 1.000 0.000 1.000 0.000 1.000 0.000 1.000 0.000 1.000 0.000 1.000 0.000 1.000 0.000 1.000 0.465 1.000 0.000 1.000 0.000 1.000 0.595 1.000 0.595 1.000 0.640 1.000 0.640 1.000 0.228 1.000 0.228 1.000 0.000 1.000 0.625 1.000 0.625 1.000 0.210 1.000 0.210 1.000 0.165 1.000 0.165 1.000 0.090 1.000 0.090 1.000 0.060 1.000 0.060 1.000 0.000 1.000 0.000 1.000 0.000 1.000 0.000 1.000 0.000 1.000 0.000 1.000 0.000 1.000 0.000 1.000 "fAther : low front unrounded vowel"
"a" "_" 0.000 1.000 0.000 1.000 0.000 1.000 0.000 1.000 0.000 1.000 0.000 1.000 0.000 1.000 0.000 1.000 0.000 1.000 0.000 1.000 0.000 1.000 0.000 1.000 0.000 1.000 0.000 1.000 0.000 1.000 0.000 1.000 0.000 1.000 0.000 1.000 0.000 1.000 0.000 1.000 0.000 1.000 0.000 1.000 0.300 1.000 0.000 1.000 0.000 1.000 0.595 1.000 0.595 1.000 0.640 1.000 0.640 1.000 0.363 1.000 0.363 1.000 0.000 1.000 0.618 1.000 0.618 1.000 0.210 1.000 0.210 1.000 0.165 1.000 0.165 1.000 0.090 1.000 0.090 1.000 0.060 1.000 0.060 1.000 0.000 1.000 0.000 1.000 0.000 1.000 0.000 1.000 0.000 1.000 0.000 1.000 0.000 1.000 0.000 1.000 "a"
"iy" "i" 0.000 1.000 0.000 1.000 0.000 1.000 0.000 1.000 0.000 1.000 0.000 1.000 0.000 1.000 0.000 1.000 0.000 1.000 0.000 1.000 0.000 1.000 0.000 1.000 0.000 1.000 0.000 1.000 0.000 1.000 0.000 1.000 0.000 1.000 0.000 1.000 0.000 1.000 0.000 1.000 0.360 1.000 0.000 1.000 0.150 1.000 0.580 1.000 0.580 1.000 0.855 1.000 0.855 1.000 0.435 1.000 0.435 1.000 0.295 1.000 0.295 1.000 0.000 1.000 0.652 1.000 0.652 1.000 0.210 1.000 0.210 1.000 0.225 1.000 0.225 1.000 0.000 1.000 0.000 1.000 0.000 1.000 0.000 1.000 0.000 1.000 0.000 1.000 0.120 1.000 0.120 1.000 0.000 1.000 0.000 1.000 0.000 1.000 0.000 1.000 "fEEl : high front unrounded vowel"
"i" "_" 0.000 1.000 0.000 1.000 0.000 1.000 0.000 1.000 0.000 1.000 0.000 1.000 0.000 1.000 0.000 1.000 0.000 1.000 0.000 1.000 0.000 1.000 0.000 1.000 0.000 1.000 0.000 1.000 0.000 1.000 0.000 1.000 0.000 1.000 0.000 1.000 0.000 1.000 0.000 1.000 0.360 1.000 0.000 1.000 0.315 1.000 0.310 1.000 0.310 1.000 0.855 1.000 0.855 1.000 0.435 1.000 0.435 1.000 0.280 1.000 0.280 1.000 0.000 1.000 0.817 1.000 0.817 1.000 0.210 1.000 0.210 1.000 0.225 1.000 0.225 1.000 0.000 1.000 0.000 1.000 0.000 1.000 0.000 1.000 0.000 1.000 0.000 1.000 0.120 1.000 0.120 1.000 0.000 1.000 0.000 1.000 0.000 1.000 0.000 1.000 "i"
"y" "j" 0.000 1.000 0.000 1.000 0.000 1.000 0.000 1.000 0.000 1.000 0.000 1.000 0.000 1.000 0.000 1.000 0.000 1.000 0.000 1.000 0.000 1.000 0.000 1.000 0.000 1.000 0.000 1.000 0.000 1.000 0.000 1.000 0.000 1.000 0.000 1.000 0.000 1.000 0.000 1.000 -0.105 1.000 0.000 1.000 0.105 1.000 0.460 1.000 0.460 1.000 0.780 1.000 0.780 1.000 0.795 1.000 0.795 1.000 0.210 1.000 0.210 1.000 0.000 1.000 0.000 1.000 0.000 1.000 -0.255 1.000 -0.255 1.000 -0.255 1.000 -0.255 1.000 0.285 1.000 0.285 1.000 0.352 1.000 0.352 1.000 0.000 1.000 0.000 1.000 0.000 1.000 0.000 1.000 0.000 1.000 0.000 1.000 0.000 1.000 0.000 1.000 "Yacht : voiced palatal approximant"
"j" "_" 0.000 1.000 0.000 1.000 0.000 1.000 0.000 1.000 0.000 1.000 0.000 1.000 0.000 1.000 0.000 1.000 0.000 1.000 0.000 1.000 0.000 1.000 0.000 1.000 0.000 1.000 0.000 1.000 0.000 1.000 0.000 1.000 0.000 1.000 0.000 1.000 0.000 1.000 0.000 1.000 -0.108 1.000 0.000 1.000 0.018 1.000 0.501 1.000 0.501 1.000 0.495 1.000 0.495 1.000 -0.165 1.000 -0.165 1.000 0.000 1.000 0.000 1.000 0.000 1.000 0.000 1.000 0.000 1.000 0.473 1.000 0.473 1.000 0.377 1.000 0.377 1.000 0.261 1.000 0.261 1.000 0.225 1.000 0.225 1.000 0.000 1.000 0.000 1.000 0.158 1.000 0.158 1.000 0.000 1.000 0.000 1.000 0.000 1.000 0.000 1.000 "j"
"ah" "0x028c" 0.000 1.000 0.000 1.000 0.000 1.000 0.000 1.000 0.000 1.000 0.000 1.000 0.000 1.000 0.000 1.000 0.000 1.000 0.000 1.000 0.000 1.000 0.000 1.000 0.000 1.000 0.000 1.000 0.000 1.000 0.000 1.000 0.000 1.000 0.000 1.000 0.000 1.000 0.000 1.000 0.000 1.000 0.000 1.000 0.640 1.000 0.375 1.000 0.375 1.000 0.400 1.000 0.400 1.000 0.505 1.000 0.505 1.000 0.090 1.000 0.090 1.000 0.000 1.000 0.165 1.000 0.165 1.000 -0.150 1.000 -0.150 1.000 -0.150 1.000 -0.150 1.000 0.097 1.000 0.097 1.000 0.060 1.000 0.060 1.000 0.000 1.000 0.000 1.000 0.000 1.000 0.000 1.000 0.000 1.000 0.000 1.000 0.000 1.000 0.000 1.000 "cUt : lower-mid back unrounded vowel"
"ao" "0x0254" 0.000 1.000 0.000 1.000 0.000 1.000 0.000 1.000 0.000 1.000 0.000 1.000 0.000 1.000 0.000 1.000 0.000 1.000 0.000 1.000 0.000 1.000 0.000 1.000 0.000 1.000 0.000 1.000 0.000 1.000 0.000 1.000 0.000 1.000 0.000 1.000 0.000 1.000 0.000 1.000 0.000 1.000 0.000 1.000 0.415 1.000 0.650 1.000 0.650 1.000 0.390 1.000 0.390 1.000 0.555 1.000 0.555 1.000 0.172 1.000 0.172 1.000 0.000 1.000 0.000 1.000 0.000 1.000 0.435 1.000 0.435 1.000 0.390 1.000 0.390 1.000 0.463 1.000 0.463 1.000 0.320 1.000 0.320 1.000 0.000 1.000 0.000 1.000 0.000 1.000 0.000 1.000 0.000 1.000 0.000 1.000 0.000 1.000 0.000 1.000 "dOg : lower-mid back rounded vowel"
"ax" "0x0259" 0.000 1.000 0.000 1.000 0.000 1.000 0.000 1.000 0.000 1.000 0.000 1.000 0.000 1.000 0.000 1.000 0.000 1.000 0.000 1.000 0.000 1.000 0.000 1.000 0.000 1.000 0.000 1.000 0.000 1.000 0.000 1.000 0.000 1.000 0.000 1.000 0.000 1.000 0.000 1.000 0.000 1.000 0.000 1.000 0.520 1.000 0.525 1.000 0.525 1.000 0.640 1.000 0.640 1.000 0.370 1.000 0.370 1.000 0.090 1.000 0.090 1.000 0.000 1.000 0.382 1.000 0.382 1.000 -0.150 1.000 -0.150 1.000 -0.150 1.000 -0.150 1.000 0.097 1.000 0.097 1.000 0.060 1.000 0.060 1.000 0.000 1.000 0.000 1.000 0.000 1.000 0.000 1.000 0.000 1.000 0.000 1.000 0.000 1.000 0.000 1.000 "Ago : mid-central unrounded vowel"
"ax2" "0x025c" 0.000 1.000 0.000 1.000 0.000 1.000 0.000 1.000 0.000 1.000 0.000 1.000 0.000 1.000 0.000 1.000 0.000 1.000 0.000 1.000 0.000 1.000 0.000 1.000 0.000 1.000 0.000 1.000 0.000 1.000 0.000 1.000 0.000 1.000 0.000 1.000 0.000 1.000 0.000 1.000 0.000 1.000 0.000 1.000 0.520 1.000 0.525 1.000 0.525 1.000 0.640 1.000 0.640 1.000 0.370 1.000 0.370 1.000 0.090 1.000 0.090 1.000 0.000 1.000 0.382 1.000 0.382 1.000 -0.150 1.000 -0.150 1.000 -0.150 1.000 -0.150 1.000 0.097 1.000 0.097 1.000 0.060 1.000 0.060 1.000 0.000 1.000 0.000 1.000 0.000 1.000 0.000 1.000 0.000 1.000 0.000 1.000 0.000 1.000 0.000 1.000 "Ago : lower-mid central unrounded vowel"
"eh" "0x025b" 0.000 1.000 0.000 1.000 0.000 1.000 0.000 1.000 0.000 1.000 0.000 1.000 0.000 1.000 0.000 1.000 0.000 1.000 0.000 1.000 0.000 1.000 0.000 1.000 0.000 1.000 0.000 1.000 0.000 1.000 0.000 1.000 0.000 1.000 0.000 1.000 0.000 1.000 0.000 1.000 0.000 1.000 0.000 1.000 0.465 1.000 0.000 1.000 0.000 1.000 0.505 1.000 0.505 1.000 0.730 1.000 0.730 1.000 0.730 1.000 0.730 1.000 0.000 1.000 0.618 1.000 0.618 1.000 0.210 1.000 0.210 1.000 0.165 1.000 0.165 1.000 0.090 1.000 0.090 1.000 0.060 1.000 0.060 1.000 0.000 1.000 0.000 1.000 0.000 1.000 0.000 1.000 0.000 1.000 0.000 1.000 0.000 1.000 0.000 1.000 "pEt : lower-mid front unrounded vowel"
"ih" "0x026a" 0.000 1.000 0.000 1.000 0.000 1.000 0.000 1.000 0.000 1.000 0.000 1.000 0.000 1.000 0.000 1.000 0.000 1.000 0.000 1.000 0.000 1.000 0.000 1.000 0.000 1.000 0.000 1.000 0.000 1.000 0.000 1.000 0.000 1.000 0.000 1.000 0.000 1.000 0.000 1.000 0.360 1.000 0.000 1.000 0.150 1.000 0.580 1.000 0.580 1.000 0.390 1.000 0.390 1.000 0.435 1.000 0.435 1.000 0.745 1.000 0.745 1.000 0.000 1.000 0.683 1.000 0.683 1.000 0.210 1.000 0.210 1.000 0.225 1.000 0.225 1.000 0.000 1.000 0.000 1.000 0.000 1.000 0.000 1.000 0.000 1.000 0.000 1.000 0.120 1.000 0.120 1.000 0.000 1.000 0.000 1.000 0.000 1.000 0.000 1.000 "fIll : semi-high front unrounded vowel"
"ih2" "0x0268" 0.000 1.000 0.000 1.000 0.000 1.000 0.000 1.000 0.000 1.000 0.000 1.000 0.000 1.000 0.000 1.000 0.000 1.000 0.000 1.000 0.000 1.000 0.000 1.000 0.000 1.000 0.000 1.000 0.000 1.000 0.000 1.000 0.000 1.000 0.000 1.000 0.000 1.000 0.000 1.000 0.360 1.000 0.000 1.000 0.150 1.000 0.580 1.000 0.580 1.000 0.390 1.000 0.390 1.000 0.435 1.000 0.435 1.000 0.745 1.000 0.745 1.000 0.000 1.000 0.683 1.000 0.683 1.000 0.210 1.000 0.210 1.000 0.225 1.000 0.225 1.000 0.000 1.000 0.000 1.000 0.000 1.000 0.000 1.000 0.000 1.000 0.000 1.000 0.120 1.000 0.120 1.000 0.000 1.000 0.000 1.000 0.000 1.000 0.000 1.000 "fIll : high central unrounded vowel"
"uh" "0x028a" 0.000 1.000 0.000 1.000 0.000 1.000 0.000 1.000 0.000 1.000 0.000 1.000 0.000 1.000 0.000 1.000 0.000 1.000 0.000 1.000 0.000 1.000 0.000 1.000 0.000 1.000 0.000 1.000 0.000 1.000 0.000 1.000 0.000 1.000 0.000 1.000 0.000 1.000 0.000 1.000 0.000 1.000 0.000 1.000 0.445 1.000 1.000 1.000 1.000 1.000 0.670 1.000 0.670 1.000 0.490 1.000 0.490 1.000 0.090 1.000 0.090 1.000 0.000 1.000 0.165 1.000 0.165 1.000 -0.150 1.000 -0.150 1.000 -0.150 1.000 -0.150 1.000 0.637 1.000 0.637 1.000 0.338 1.000 0.338 1.000 0.000 1.000 0.000 1.000 0.000 1.000 0.000 1.000 0.000 1.000 0.000 1.000 0.000 1.000 0.000 1.000 "bOOk : semi-high back rounded vowel"
"g" "g" 0.000 1.000 0.000 1.000 0.000 1.000 0.000 1.000 0.000 1.000 0.000 1.000 0.000 1.000 0.000 1.000 0.000 1.000 0.000 1.000 0.000 1.000 0.000 1.000 0.000 1.000 0.000 1.000 0.000 1.000 0.000 1.000 0.000 1.000 0.000 1.000 0.000 1.000 0.000 1.000 -0.355 1.000 0.000 1.000 0.120 1.000 0.340 1.000 0.340 1.000 0.525 1.000 0.525 1.000 0.685 1.000 0.685 1.000 0.510 1.000 0.510 1.000 0.000 1.000 0.368 1.000 0.368 1.000 0.405 1.000 0.405 1.000 0.675 1.000 0.675 1.000 0.000 1.000 0.000 1.000 0.210 1.000 0.210 1.000 0.000 1.000 0.000 1.000 0.000 1.000 0.000 1.000 0.000 1.000 0.000 1.000 0.000 1.000 0.000 1.000 "taG : voiced velar stop"
"g2" "0x0261" 0.000 1.000 0.000 1.000 0.000 1.000 0.000 1.000 0.000 1.000 0.000 1.000 0.000 1.000 0.000 1.000 0.000 1.000 0.000 1.000 0.000 1.000 0.000 1.000 0.000 1.000 0.000 1.000 0.000 1.000 0.000 1.000 0.000 1.000 0.000 1.000 0.000 1.000 0.000 1.000 -0.355 1.000 0.000 1.000 0.120 1.000 0.340 1.000 0.340 1.000 0.525 1.000 0.525 1.000 0.685 1.000 0.685 1.000 0.510 1.000 0.510 1.000 0.000 1.000 0.368 1.000 0.368 1.000 0.405 1.000 0.405 1.000 0.675 1.000 0.675 1.000 0.000 1.000 0.000 1.000 0.210 1.000 0.210 1.000 0.000 1.000 0.000 1.000 0.000 1.000 0.000 1.000 0.000 1.000 0.000 1.000 0.000 1.000 0.000 1.000 "taG : voiced velar stop"
"h" "h" 0.000 1.000 0.000 1.000 0.000 1.000 0.000 1.000 0.000 1.000 0.000 1.000 0.000 1.000 0.000 1.000 0.000 1.000 0.000 1.000 0.000 1.000 0.000 1.000 0.000 1.000 0.000 1.000 0.000 1.000 0.000 1.000 0.000 1.000 0.000 1.000 0.000 1.000 0.000 1.000 0.000 1.000 0.000 1.000 0.265 1.000 0.650 1.000 0.650 1.000 0.390 1.000 0.390 1.000 0.555 1.000 0.555 1.000 0.415 1.000 0.415 1.000 0.000 1.000 0.405 1.000 0.405 1.000 0.435 1.000 0.435 1.000 0.390 1.000 0.390 1.000 0.000 1.000 0.000 1.000 0.000 1.000 0.000 1.000 0.000 1.000 0.000 1.000 0.000 1.000 0.000 1.000 0.000 1.000 0.000 1.000 0.000 1.000 0.000 1.000 "Help : voiceless glottal fricative"
"hh" "h" 0.000 1.000 0.000 1.000 0.000 1.000 0.000 1.000 0.000 1.000 0.000 1.000 0.000 1.000 0.000 1.000 0.000 1.000 0.000 1.000 0.000 1.000 0.000 1.000 0.000 1.000 0.000 1.000 0.000 1.000 0.000 1.000 0.000 1.000 0.000 1.000 0.000 1.000 0.000 1.000 0.000 1.000 0.000 1.000 0.265 1.000 0.650 1.000 0.650 1.000 0.390 1.000 0.390 1.000 0.555 1.000 0.555 1.000 0.415 1.000 0.415 1.000 0.000 1.000 0.405 1.000 0.405 1.000 0.435 1.000 0.435 1.000 0.390 1.000 0.390 1.000 0.000 1.000 0.000 1.000 0.000 1.000 0.000 1.000 0.000 1.000 0.000 1.000 0.000 1.000 0.000 1.000 0.000 1.000 0.000 1.000 0.000 1.000 0.000 1.000 "Help : voiceless glottal fricative"
"hh2" "0x0266" 0.000 1.000 0.000 1.000 0.000 1.000 0.000 1.000 0.000 1.000 0.000 1.000 0.000 1.000 0.000 1.000 0.000 1.000 0.000 1.000 0.000 1.000 0.000 1.000 0.000 1.000 0.000 1.000 0.000 1.000 0.000 1.000 0.000 1.000 0.000 1.000 0.000 1.000 0.000 1.000 0.000 1.000 0.000 1.000 0.265 1.000 0.650 1.000 0.650 1.000 0.390 1.000 0.390 1.000 0.555 1.000 0.555 1.000 0.415 1.000 0.415 1.000 0.000 1.000 0.405 1.000 0.405 1.000 0.435 1.000 0.435 1.000 0.390 1.000 0.390 1.000 0.000 1.000 0.000 1.000 0.000 1.000 0.000 1.000 0.000 1.000 0.000 1.000 0.000 1.000 0.000 1.000 0.000 1.000 0.000 1.000 0.000 1.000 0.000 1.000 "Help : breathy-voiced glottal fricative"
"c" "k" 0.000 1.000 0.000 1.000 0.000 1.000 0.000 1.000 0.000 1.000 0.000 1.000 0.000 1.000 0.000 1.000 0.000 1.000 0.000 1.000 0.000 1.000 0.000 1.000 0.000 1.000 0.000 1.000 0.000 1.000 0.000 1.000 0.000 1.000 0.000 1.000 0.000 1.000 0.000 1.000 -0.355 1.000 0.000 1.000 0.120 1.000 0.340 1.000 0.340 1.000 0.525 1.000 0.525 1.000 0.685 1.000 0.685 1.000 0.510 1.000 0.510 1.000 0.000 1.000 0.127 1.000 0.127 1.000 0.405 1.000 0.405 1.000 0.675 1.000 0.675 1.000 0.000 1.000 0.000 1.000 0.210 1.000 0.210 1.000 0.000 1.000 0.000 1.000 0.000 1.000 0.000 1.000 0.000 1.000 0.000 1.000 0.000 1.000 0.000 1.000 "Cut : voiceless velar stop"
"k" "k" 0.000 1.000 0.000 1.000 0.000 1.000 0.000 1.000 0.000 1.000 0.000 1.000 0.000 1.000 0.000 1.000 0.000 1.000 0.000 1.000 0.000 1.000 0.000 1.000 0.000 1.000 0.000 1.000 0.000 1.000 0.000 1.000 0.000 1.000 0.000 1.000 0.000 1.000 0.000 1.000 -0.355 1.000 0.000 1.000 0.120 1.000 0.340 1.000 0.340 1.000 0.525 1.000 0.525 1.000 0.685 1.000 0.685 1.000 0.510 1.000 0.510 1.000 0.000 1.000 0.127 1.000 0.127 1.000 0.405 1.000 0.405 1.000 0.675 1.000 0.675 1.000 0.000 1.000 0.000 1.000 0.210 1.000 0.210 1.000 0.000 1.000 0.000 1.000 0.000 1.000 0.000 1.000 0.000 1.000 0.000 1.000 0.000 1.000 0.000 1.000 "Cut : voiceless velar stop"
"nx" "0x014b" 0.000 1.000 0.000 1.000 0.000 1.000 0.000 1.000 0.000 1.000 0.000 1.000 0.000 1.000 0.000 1.000 0.000 1.000 0.000 1.000 0.000 1.000 0.000 1.000 0.000 1.000 0.000 1.000 0.000 1.000 0.000 1.000 0.000 1.000 0.000 1.000 0.000 1.000 0.000 1.000 -0.355 1.000 0.000 1.000 0.120 1.000 0.340 1.000 0.340 1.000 0.525 1.000 0.525 1.000 0.685 1.000 0.685 1.000 0.510 1.000 0.510 1.000 0.000 1.000 0.127 1.000 0.127 1.000 0.405 1.000 0.405 1.000 0.675 1.000 0.675 1.000 0.000 1.000 0.000 1.000 0.210 1.000 0.210 1.000 0.000 1.000 0.000 1.000 0.000 1.000 0.000 1.000 0.000 1.000 0.000 1.000 0.000 1.000 0.000 1.000 "siNG : voiced velar nasal"
"zh" "0x0292" 0.000 1.000 0.000 1.000 0.000 1.000 0.000 1.000 0.000 1.000 0.000 1.000 0.000 1.000 0.000 1.000 0.000 1.000 0.000 1.000 0.000 1.000 0.000 1.000 0.000 1.000 0.000 1.000 0.000 1.000 0.000 1.000 0.000 1.000 0.000 1.000 0.000 1.000 0.000 1.000 0.000 1.000 0.000 1.000 0.085 1.000 0.375 1.000 0.375 1.000 0.400 1.000 0.400 1.000 0.505 1.000 0.505 1.000 0.675 1.000 0.675 1.000 0.000 1.000 0.488 1.000 0.488 1.000 0.360 1.000 0.360 1.000 0.390 1.000 0.390 1.000 0.000 1.000 0.000 1.000 0.000 1.000 0.000 1.000 0.000 1.000 0.000 1.000 0.000 1.000 0.000 1.000 0.000 1.000 0.000 1.000 0.000 1.000 0.000 1.000 "aZure : voiced postalveolar fricative"
"<sil>" "_" 0.475 1.000 0.431 1.000 0.000 1.000 0.000 1.000 0.000 1.000 0.000 1.000 -0.128 1.000 -0.120 1.000 0.000 1.000 0.000 1.000 0.652 1.000 0.638 1.000 0.480 1.000 0.502 1.000 0.391 1.000 0.346 1.000 0.000 1.000 0.000 1.000 -1.000 1.000 -1.000 1.000 0.000 1.000 0.036 1.000 -0.051 1.000 -0.083 1.000 -0.083 1.000 0.151 1.000 0.151 1.000 0.114 1.000 0.114 1.000 0.002 1.000 0.002 1.000 0.013 1.000 0.000 1.000 0.000 1.000 0.064 1.000 0.052 1.000 -0.011 1.000 -0.025 1.000 0.000 1.000 0.000 1.000 0.000 1.000 0.000 1.000 0.405 1.000 0.458 1.000 0.000 1.000 0.000 1.000 0.000 1.000 0.000 1.000 0.000 1.000 0.000 1.000 "silence"
