$keys right_ScalpD left_ScalpD right_InnerSquint left_InnerSquint right_OuterSquint left_OuterSquint right_BrowInV left_BrowInV right_BrowOutV left_BrowOutV right_Frown left_Frown right_NoseV left_NoseV right_NostrilFlare left_NostrilFlare right_CheekV left_CheekV right_CheekH left_CheekH JawD JawH JawV right_LipsV left_LipsV right_LipUpV left_LipUpV right_LipLoV left_LipLoV right_Smile left_Smile multi_Smile right_Platysmus left_Platysmus right_FoldLipUp left_FoldLipUp right_FoldLipLo left_FoldLipLo right_PuckerLipUp left_PuckerLipUp right_PuckerLipLo left_PuckerLipLo right_LipCnrTwst left_LipCnrTwst right_Dimple left_Dimple right_PuffLipUp left_PuffLipUp right_PuffLipLo left_PuffLipLo
$hasweighting
"b" "b" 0.000 1.000 0.000 1.000 0.000 1.000 0.000 1.000 0.000 1.000 0.000 1.000 0.000 1.000 0.000 1.000 0.000 1.000 0.000 1.000 0.000 1.000 0.000 1.000 0.000 1.000 0.000 1.000 0.000 1.000 0.000 1.000 0.000 1.000 0.000 1.000 0.000 1.000 0.000 1.000 0.000 1.000 0.000 1.000 0.087 1.000 -0.150 1.000 -0.150 1.000 0.663 1.000 0.663 1.000 -0.809 1.000 -0.809 1.000 0.015 1.000 0.015 1.000 0.000 1.000 0.000 1.000 0.000 1.000 -0.506 1.000 -0.506 1.000 -0.390 1.000 -0.390 1.000 0.210 1.000 0.210 1.000 0.188 1.000 0.188 1.000 0.248 1.000 0.248 1.000 0.000 1.000 0.000 1.000 0.199 1.000 0.199 1.000 0.000 1.000 0.000 1.000 "Big : voiced alveolar stop" 
"m" "m" 0.000 1.000 0.000 1.000 0.000 1.000 0.000 1.000 0.000 1.000 0.000 1.000 0.000 1.000 0.000 1.000 0.000 1.000 0.000 1.000 0.000 1.000 0.000 1.000 0.000 1.000 0.000 1.000 0.000 1.000 0.000 1.000 0.000 1.000 0.000 1.000 0.000 1.000 0.000 1.000 0.000 1.000 0.000 1.000 -0.221 1.000 -0.150 1.000 -0.150 1.000 0.663 1.000 0.663 1.000 -0.809 1.000 -0.809 1.000 0.180 1.000 0.180 1.000 0.000 1.000 0.105 1.000 0.105 1.000 -0.506 1.000 -0.506 1.000 -0.390 1.000 -0.390 1.000 0.210 1.000 0.210 1.000 0.188 1.000 0.188 1.000 0.248 1.000 0.248 1.000 0.000 1.000 0.000 1.000 0.199 1.000 0.199 1.000 0.000 1.000 0.000 1.000 "Mat : voiced bilabial nasal" 
"p" "p" 0.000 1.000 0.000 1.000 0.000 1.000 0.000 1.000 0.000 1.000 0.000 1.000 0.000 1.000 0.000 1.000 0.000 1.000 0.000 1.000 0.000 1.000 0.000 1.000 0.000 1.000 0.000 1.000 0.000 1.000 0.000 1.000 0.000 1.000 0.000 1.000 0.000 1.000 0.000 1.000 0.000 1.000 0.000 1.000 -0.071 1.000 -0.405 1.000 -0.405 1.000 0.513 1.000 0.513 1.000 -0.839 1.000 -0.839 1.000 0.180 1.000 0.180 1.000 0.000 1.000 0.105 1.000 0.105 1.000 -0.326 1.000 -0.326 1.000 -0.300 1.000 -0.300 1.000 0.308 1.000 0.308 1.000 0.630 1.000 0.630 1.000 0.248 1.000 0.248 1.000 0.000 1.000 0.000 1.000 0.199 1.000 0.199 1.000 0.000 1.000 0.000 1.000 "Put; voiceless alveolar stop" 
"w" "w" 0.000 1.000 0.000 1.000 0.000 1.000 0.000 1.000 0.000 1.000 0.000 1.000 0.000 1.000 0.000 1.000 0.000 1.000 0.000 1.000 0.000 1.000 0.000 1.000 0.000 1.000 0.000 1.000 0.000 1.000 0.000 1.000 0.000 1.000 0.000 1.000 0.000 1.000 0.000 1.000 0.000 1.000 0.000 1.000 0.312 1.000 0.700 1.000 0.700 1.000 0.269 1.000 0.269 1.000 0.000 1.000 0.000 1.000 0.105 1.000 0.105 1.000 0.000 1.000 0.000 1.000 0.000 1.000 -0.315 1.000 -0.315 1.000 0.000 1.000 0.000 1.000 0.657 1.000 0.657 1.000 1.000 1.000 1.000 1.000 0.195 1.000 0.195 1.000 0.000 1.000 0.000 1.000 0.240 1.000 0.240 1.000 0.225 1.000 0.225 1.000 "With : voiced labial-velar approximant" 
"f" "f" 0.000 1.000 0.000 1.000 0.000 1.000 0.000 1.000 0.000 1.000 0.000 1.000 0.000 1.000 0.000 1.000 0.000 1.000 0.000 1.000 0.000 1.000 0.000 1.000 -1.000 1.000 0.105 1.000 0.000 1.000 0.000 1.000 0.000 1.000 0.000 1.000 0.000 1.000 0.000 1.000 0.090 1.000 0.015 1.000 -0.060 1.000 0.377 1.000 0.377 1.000 0.580 1.000 1.000 1.000 -0.330 1.000 -0.225 1.000 0.233 1.000 0.233 1.000 0.000 1.000 0.060 1.000 0.060 1.000 0.510 1.000 0.510 1.000 -0.850 1.000 -0.850 1.000 0.075 1.000 0.075 1.000 0.330 1.000 0.330 1.000 0.295 1.000 0.295 1.000 0.000 1.000 0.000 1.000 0.000 1.000 0.000 1.000 0.000 1.000 0.000 1.000 "Fork : voiceless labiodental fricative" 
"v" "v" 0.000 1.000 0.000 1.000 0.000 1.000 0.000 1.000 0.000 1.000 0.000 1.000 0.000 1.000 0.000 1.000 0.000 1.000 0.000 1.000 0.000 1.000 0.000 1.000 0.073 1.000 0.073 1.000 0.000 1.000 0.000 1.000 0.000 1.000 0.000 1.000 0.000 1.000 0.000 1.000 0.063 1.000 0.010 1.000 -0.060 1.000 0.212 1.000 0.212 1.000 1.000 1.000 1.000 1.000 -0.300 1.000 -0.300 1.000 0.000 1.000 0.000 1.000 0.000 1.000 0.000 1.000 0.000 1.000 0.510 1.000 0.510 1.000 -0.850 1.000 -0.850 1.000 0.240 1.000 0.240 1.000 0.502 1.000 0.502 1.000 0.490 1.000 0.490 1.000 0.000 1.000 0.000 1.000 0.000 1.000 0.000 1.000 0.000 1.000 0.000 1.000 "Val : voiced labialdental fricative" 
"r" "0x0279" 0.000 1.000 0.000 1.000 0.000 1.000 0.000 1.000 0.000 1.000 0.000 1.000 0.000 1.000 0.000 1.000 0.000 1.000 0.000 1.000 0.000 1.000 0.000 1.000 0.000 1.000 0.000 1.000 0.000 1.000 0.000 1.000 0.000 1.000 0.000 1.000 0.000 1.000 0.000 1.000 0.136 1.000 0.000 1.000 0.105 1.000 0.112 1.000 0.112 1.000 0.451 1.000 0.451 1.000 -0.090 1.000 -0.090 1.000 0.000 1.000 0.000 1.000 0.000 1.000 0.000 1.000 0.000 1.000 0.435 1.000 0.435 1.000 0.315 1.000 0.315 1.000 0.248 1.000 0.248 1.000 0.007 1.000 0.007 1.000 0.000 1.000 0.000 1.000 0.000 1.000 0.000 1.000 0.000 1.000 0.000 1.000 0.000 1.000 0.000 1.000 "Red : voiced alveolar approximant" 
"r2" "r" 0.000 1.000 0.000 1.000 0.000 1.000 0.000 1.000 0.000 1.000 0.000 1.000 0.000 1.000 0.000 1.000 0.000 1.000 0.000 1.000 0.000 1.000 0.000 1.000 0.000 1.000 0.000 1.000 0.000 1.000 0.000 1.000 0.000 1.000 0.000 1.000 0.000 1.000 0.000 1.000 0.136 1.000 0.000 1.000 0.105 1.000 0.112 1.000 0.112 1.000 0.451 1.000 0.451 1.000 -0.090 1.000 -0.090 1.000 0.000 1.000 0.000 1.000 0.000 1.000 0.000 1.000 0.000 1.000 0.435 1.000 0.435 1.000 0.315 1.000 0.315 1.000 0.248 1.000 0.248 1.000 0.007 1.000 0.007 1.000 0.000 1.000 0.000 1.000 0.000 1.000 0.000 1.000 0.000 1.000 0.000 1.000 0.000 1.000 0.000 1.000 "Red : voiced alveolar trill" 
"r3" "0x027b" 0.000 1.000 0.000 1.000 0.000 1.000 0.000 1.000 0.000 1.000 0.000 1.000 0.000 1.000 0.000 1.000 0.000 1.000 0.000 1.000 0.000 1.000 0.000 1.000 0.000 1.000 0.000 1.000 0.000 1.000 0.000 1.000 0.000 1.000 0.000 1.000 0.000 1.000 0.000 1.000 0.136 1.000 0.000 1.000 0.105 1.000 0.112 1.000 0.112 1.000 0.451 1.000 0.451 1.000 -0.090 1.000 -0.090 1.000 0.000 1.000 0.000 1.000 0.000 1.000 0.000 1.000 0.000 1.000 0.435 1.000 0.435 1.000 0.315 1.000 0.315 1.000 0.248 1.000 0.248 1.000 0.007 1.000 0.007 1.000 0.000 1.000 0.000 1.000 0.000 1.000 0.000 1.000 0.000 1.000 0.000 1.000 0.000 1.000 0.000 1.000 "Red : voiced retroflex approximant" 
"er" "0x025a" 0.000 1.000 0.000 1.000 0.000 1.000 0.000 1.000 0.000 1.000 0.000 1.000 0.000 1.000 0.000 1.000 0.000 1.000 0.000 1.000 0.000 1.000 0.000 1.000 0.000 1.000 0.000 1.000 0.000 1.000 0.000 1.000 0.000 1.000 0.000 1.000 0.000 1.000 0.000 1.000 0.136 1.000 0.000 1.000 0.189 1.000 0.112 1.000 0.112 1.000 0.451 1.000 0.451 1.000 0.126 1.000 0.126 1.000 0.000 1.000 0.000 1.000 0.000 1.000 0.000 1.000 0.000 1.000 0.304 1.000 0.304 1.000 0.273 1.000 0.273 1.000 0.095 1.000 0.095 1.000 0.389 1.000 0.389 1.000 0.000 1.000 0.000 1.000 0.000 1.000 0.000 1.000 0.000 1.000 0.000 1.000 0.000 1.000 0.000 1.000 "URn : rhotacized schwa" 
"er2" "0x025d" 0.000 1.000 0.000 1.000 0.000 1.000 0.000 1.000 0.000 1.000 0.000 1.000 0.000 1.000 0.000 1.000 0.000 1.000 0.000 1.000 0.000 1.000 0.000 1.000 0.000 1.000 0.000 1.000 0.000 1.000 0.000 1.000 0.000 1.000 0.000 1.000 0.000 1.000 0.000 1.000 0.136 1.000 0.000 1.000 0.189 1.000 0.112 1.000 0.112 1.000 0.451 1.000 0.451 1.000 0.126 1.000 0.126 1.000 0.000 1.000 0.000 1.000 0.000 1.000 0.000 1.000 0.000 1.000 0.304 1.000 0.304 1.000 0.273 1.000 0.273 1.000 0.095 1.000 0.095 1.000 0.389 1.000 0.389 1.000 0.000 1.000 0.000 1.000 0.000 1.000 0.000 1.000 0.000 1.000 0.000 1.000 0.000 1.000 0.000 1.000 "URn : rhotacized lower-mid central vowel" 
"dh" "0x00f0" 0.000 1.000 0.000 1.000 0.000 1.000 0.000 1.000 0.000 1.000 0.000 1.000 0.000 1.000 0.000 1.000 0.000 1.000 0.000 1.000 0.000 1.000 0.000 1.000 0.000 1.000 0.000 1.000 0.000 1.000 0.000 1.000 0.000 1.000 0.000 1.000 0.000 1.000 0.000 1.000 0.168 1.000 0.000 1.000 0.073 1.000 0.154 1.000 0.154 1.000 0.472 1.000 0.472 1.000 0.389 1.000 0.389 1.000 0.210 1.000 0.210 1.000 0.000 1.000 0.168 1.000 0.168 1.000 -0.225 1.000 -0.225 1.000 0.585 1.000 0.585 1.000 0.120 1.000 0.120 1.000 0.142 1.000 0.142 1.000 0.000 1.000 0.000 1.000 0.000 1.000 0.000 1.000 0.000 1.000 0.000 1.000 0.000 1.000 0.000 1.000 "THen : voiced dental fricative" 
"th" "0x03b8" 0.000 1.000 0.000 1.000 0.000 1.000 0.000 1.000 0.000 1.000 0.000 1.000 0.000 1.000 0.000 1.000 0.000 1.000 0.000 1.000 0.000 1.000 0.000 1.000 0.000 1.000 0.000 1.000 0.000 1.000 0.000 1.000 0.000 1.000 0.000 1.000 0.000 1.000 0.000 1.000 0.168 1.000 0.000 1.000 0.063 1.000 0.448 1.000 0.448 1.000 0.700 1.000 0.700 1.000 0.378 1.000 0.378 1.000 0.210 1.000 0.210 1.000 0.000 1.000 0.168 1.000 0.168 1.000 -0.225 1.000 -0.225 1.000 0.585 1.000 0.585 1.000 0.405 1.000 0.405 1.000 0.735 1.000 0.735 1.000 0.000 1.000 0.000 1.000 0.000 1.000 0.000 1.000 0.000 1.000 0.000 1.000 0.000 1.000 0.000 1.000 "THin : voiceless dental fricative" 
"sh" "0x0283" 0.000 1.000 0.000 1.000 0.000 1.000 0.000 1.000 0.000 1.000 0.000 1.000 0.000 1.000 0.000 1.000 0.000 1.000 0.000 1.000 0.000 1.000 0.000 1.000 0.000 1.000 0.000 1.000 0.000 1.000 0.000 1.000 0.000 1.000 0.000 1.000 0.000 1.000 0.000 1.000 -0.108 1.000 0.000 1.000 0.018 1.000 0.501 1.000 0.501 1.000 0.495 1.000 0.495 1.000 -0.165 1.000 -0.165 1.000 0.000 1.000 0.000 1.000 0.000 1.000 0.000 1.000 0.000 1.000 0.473 1.000 0.473 1.000 0.377 1.000 0.377 1.000 0.261 1.000 0.261 1.000 0.225 1.000 0.225 1.000 0.000 1.000 0.000 1.000 0.158 1.000 0.158 1.000 0.000 1.000 0.000 1.000 0.000 1.000 0.000 1.000 "SHe : voiceless postalveolar fricative" 
"jh" "0x02a4" 0.000 1.000 0.000 1.000 0.000 1.000 0.000 1.000 0.000 1.000 0.000 1.000 0.000 1.000 0.000 1.000 0.000 1.000 0.000 1.000 0.000 1.000 0.000 1.000 0.000 1.000 0.000 1.000 0.000 1.000 0.000 1.000 0.000 1.000 0.000 1.000 0.000 1.000 0.000 1.000 0.032 1.000 0.000 1.000 0.071 1.000 0.370 1.000 0.370 1.000 0.700 1.000 0.700 1.000 0.546 1.000 0.546 1.000 0.120 1.000 0.120 1.000 0.000 1.000 0.000 1.000 0.000 1.000 -0.315 1.000 -0.315 1.000 0.255 1.000 0.255 1.000 0.428 1.000 0.428 1.000 0.398 1.000 0.398 1.000 0.000 1.000 0.000 1.000 0.000 1.000 0.000 1.000 0.240 1.000 0.240 1.000 0.225 1.000 0.225 1.000 "Joy : voiced postalveolar afficate" 
"ch" "0x02a7" 0.000 1.000 0.000 1.000 0.000 1.000 0.000 1.000 0.000 1.000 0.000 1.000 0.000 1.000 0.000 1.000 0.000 1.000 0.000 1.000 0.000 1.000 0.000 1.000 0.000 1.000 0.000 1.000 0.000 1.000 0.000 1.000 0.000 1.000 0.000 1.000 0.000 1.000 0.000 1.000 -0.108 1.000 0.000 1.000 0.018 1.000 0.501 1.000 0.501 1.000 0.495 1.000 0.495 1.000 -0.165 1.000 -0.165 1.000 0.000 1.000 0.000 1.000 0.000 1.000 0.000 1.000 0.000 1.000 0.473 1.000 0.473 1.000 0.377 1.000 0.377 1.000 0.261 1.000 0.261 1.000 0.225 1.000 0.225 1.000 0.000 1.000 0.000 1.000 0.158 1.000 0.158 1.000 0.000 1.000 0.000 1.000 0.000 1.000 0.000 1.000 "CHin : voiceless postalveolar affricate" 
"s" "s" 0.000 1.000 0.000 1.000 0.000 1.000 0.000 1.000 0.000 1.000 0.000 1.000 0.000 1.000 0.000 1.000 0.000 1.000 0.000 1.000 0.000 1.000 0.000 1.000 0.000 1.000 0.000 1.000 0.000 1.000 0.000 1.000 0.000 1.000 0.000 1.000 0.000 1.000 0.000 1.000 0.133 1.000 0.000 1.000 0.021 1.000 0.206 1.000 0.206 1.000 0.483 1.000 0.483 1.000 0.500 1.000 0.500 1.000 0.288 1.000 0.288 1.000 0.000 1.000 0.142 1.000 0.142 1.000 -0.345 1.000 -0.345 1.000 -0.360 1.000 -0.360 1.000 0.052 1.000 0.052 1.000 0.105 1.000 0.105 1.000 0.000 1.000 0.000 1.000 0.000 1.000 0.000 1.000 0.000 1.000 0.000 1.000 0.000 1.000 0.000 1.000 "Sit : voiceless alveolar fricative" 
"z" "z" 0.000 1.000 0.000 1.000 0.000 1.000 0.000 1.000 0.000 1.000 0.000 1.000 0.000 1.000 0.000 1.000 0.000 1.000 0.000 1.000 0.000 1.000 0.000 1.000 0.000 1.000 0.000 1.000 0.000 1.000 0.000 1.000 0.000 1.000 0.000 1.000 0.000 1.000 0.000 1.000 0.133 1.000 0.000 1.000 0.021 1.000 0.206 1.000 0.206 1.000 0.483 1.000 0.483 1.000 0.500 1.000 0.500 1.000 0.052 1.000 0.052 1.000 0.000 1.000 0.120 1.000 0.120 1.000 -0.345 1.000 -0.345 1.000 -0.360 1.000 -0.360 1.000 0.052 1.000 0.052 1.000 0.105 1.000 0.105 1.000 0.000 1.000 0.000 1.000 0.000 1.000 0.000 1.000 0.000 1.000 0.000 1.000 0.000 1.000 0.000 1.000 "Zap : voiced alveolar fricative" 
"d" "d" 0.000 1.000 0.000 1.000 0.000 1.000 0.000 1.000 0.000 1.000 0.000 1.000 0.000 1.000 0.000 1.000 0.000 1.000 0.000 1.000 0.000 1.000 0.000 1.000 0.000 1.000 0.000 1.000 0.000 1.000 0.000 1.000 0.000 1.000 0.000 1.000 0.000 1.000 0.000 1.000 0.133 1.000 0.000 1.000 0.042 1.000 0.206 1.000 0.206 1.000 0.483 1.000 0.483 1.000 0.500 1.000 0.500 1.000 0.000 1.000 0.000 1.000 0.000 1.000 0.000 1.000 0.000 1.000 -0.345 1.000 -0.345 1.000 0.285 1.000 0.285 1.000 0.052 1.000 0.052 1.000 0.405 1.000 0.405 1.000 0.000 1.000 0.000 1.000 0.000 1.000 0.000 1.000 0.000 1.000 0.000 1.000 0.000 1.000 0.000 1.000 "Dig : voiced bilabial stop" 
"d2" "0x027e" 0.000 1.000 0.000 1.000 0.000 1.000 0.000 1.000 0.000 1.000 0.000 1.000 0.000 1.000 0.000 1.000 0.000 1.000 0.000 1.000 0.000 1.000 0.000 1.000 0.000 1.000 0.000 1.000 0.000 1.000 0.000 1.000 0.000 1.000 0.000 1.000 0.000 1.000 0.000 1.000 0.133 1.000 0.000 1.000 0.042 1.000 0.206 1.000 0.206 1.000 0.483 1.000 0.483 1.000 0.500 1.000 0.500 1.000 0.000 1.000 0.000 1.000 0.000 1.000 0.000 1.000 0.000 1.000 -0.345 1.000 -0.345 1.000 0.285 1.000 0.285 1.000 0.052 1.000 0.052 1.000 0.405 1.000 0.405 1.000 0.000 1.000 0.000 1.000 0.000 1.000 0.000 1.000 0.000 1.000 0.000 1.000 0.000 1.000 0.000 1.000 "Dig : voiced alveolar flap or tap" 
"l" "l" 0.000 1.000 0.000 1.000 0.000 1.000 0.000 1.000 0.000 1.000 0.000 1.000 0.000 1.000 0.000 1.000 0.000 1.000 0.000 1.000 0.000 1.000 0.000 1.000 0.000 1.000 0.000 1.000 0.000 1.000 0.000 1.000 0.000 1.000 0.000 1.000 0.000 1.000 0.000 1.000 0.000 1.000 0.000 1.000 0.186 1.000 0.378 1.000 0.378 1.000 0.147 1.000 0.147 1.000 0.000 1.000 0.000 1.000 0.000 1.000 0.000 1.000 0.000 1.000 0.000 1.000 0.000 1.000 0.273 1.000 0.273 1.000 0.010 1.000 0.010 1.000 0.000 1.000 0.000 1.000 0.000 1.000 0.000 1.000 0.000 1.000 0.000 1.000 0.000 1.000 0.000 1.000 0.000 1.000 0.000 1.000 0.000 1.000 0.000 1.000 "Lid : voiced alveolar lateral approximant" 
"l2" "0x026b" 0.000 1.000 0.000 1.000 0.000 1.000 0.000 1.000 0.000 1.000 0.000 1.000 0.000 1.000 0.000 1.000 0.000 1.000 0.000 1.000 0.000 1.000 0.000 1.000 0.000 1.000 0.000 1.000 0.000 1.000 0.000 1.000 0.000 1.000 0.000 1.000 0.000 1.000 0.000 1.000 0.000 1.000 0.000 1.000 0.186 1.000 0.378 1.000 0.378 1.000 0.147 1.000 0.147 1.000 0.000 1.000 0.000 1.000 0.000 1.000 0.000 1.000 0.000 1.000 0.000 1.000 0.000 1.000 0.273 1.000 0.273 1.000 0.010 1.000 0.010 1.000 0.000 1.000 0.000 1.000 0.000 1.000 0.000 1.000 0.000 1.000 0.000 1.000 0.000 1.000 0.000 1.000 0.000 1.000 0.000 1.000 0.000 1.000 0.000 1.000 "Lid : velarized voiced alveolar lateral approximant" 
"n" "n" 0.000 1.000 0.000 1.000 0.000 1.000 0.000 1.000 0.000 1.000 0.000 1.000 0.000 1.000 0.000 1.000 0.000 1.000 0.000 1.000 0.000 1.000 0.000 1.000 0.000 1.000 0.000 1.000 0.000 1.000 0.000 1.000 0.000 1.000 0.000 1.000 0.000 1.000 0.000 1.000 0.168 1.000 0.000 1.000 0.073 1.000 0.700 1.000 0.700 1.000 0.700 1.000 0.700 1.000 0.389 1.000 0.389 1.000 0.210 1.000 0.210 1.000 0.000 1.000 0.168 1.000 0.168 1.000 -0.225 1.000 -0.225 1.000 0.585 1.000 0.585 1.000 0.570 1.000 0.570 1.000 0.548 1.000 0.548 1.000 0.000 1.000 0.000 1.000 0.000 1.000 0.000 1.000 0.000 1.000 0.000 1.000 0.000 1.000 0.000 1.000 "No : voiced alveolar nasal" 
"t" "t" 0.000 1.000 0.000 1.000 0.000 1.000 0.000 1.000 0.000 1.000 0.000 1.000 0.000 1.000 0.000 1.000 0.000 1.000 0.000 1.000 0.000 1.000 0.000 1.000 0.000 1.000 0.000 1.000 0.000 1.000 0.000 1.000 0.000 1.000 0.000 1.000 0.000 1.000 0.000 1.000 -0.085 1.000 0.000 1.000 0.105 1.000 1.000 1.000 1.000 1.000 1.000 1.000 1.000 1.000 1.000 1.000 1.000 1.000 0.848 1.000 0.848 1.000 0.000 1.000 0.412 1.000 0.412 1.000 0.000 1.000 0.000 1.000 0.000 1.000 0.000 1.000 0.398 1.000 0.398 1.000 0.458 1.000 0.458 1.000 0.000 1.000 0.000 1.000 0.000 1.000 0.000 1.000 0.000 1.000 0.000 1.000 0.000 1.000 0.000 1.000 "Talk : voiceless bilabial stop" 
"ow" "o" 0.000 1.000 0.000 1.000 0.000 1.000 0.000 1.000 0.000 1.000 0.000 1.000 0.000 1.000 0.000 1.000 0.000 1.000 0.000 1.000 0.000 1.000 0.000 1.000 0.000 1.000 0.000 1.000 0.000 1.000 0.000 1.000 0.000 1.000 0.000 1.000 0.000 1.000 0.000 1.000 0.000 1.000 0.000 1.000 0.218 1.000 0.700 1.000 0.700 1.000 0.700 1.000 0.700 1.000 0.700 1.000 0.700 1.000 0.000 1.000 0.000 1.000 0.000 1.000 0.000 1.000 0.000 1.000 0.189 1.000 0.189 1.000 0.147 1.000 0.147 1.000 0.475 1.000 0.475 1.000 0.433 1.000 0.433 1.000 0.136 1.000 0.136 1.000 0.000 1.000 0.000 1.000 0.000 1.000 0.000 1.000 0.000 1.000 0.000 1.000 "gO : upper-mid back rounded vowel" 
"o" "_" 0.000 1.000 0.000 1.000 0.000 1.000 0.000 1.000 0.000 1.000 0.000 1.000 0.000 1.000 0.000 1.000 0.000 1.000 0.000 1.000 0.000 1.000 0.000 1.000 0.000 1.000 0.000 1.000 0.000 1.000 0.000 1.000 0.000 1.000 0.000 1.000 0.000 1.000 0.000 1.000 0.000 1.000 0.000 1.000 0.290 1.000 0.455 1.000 0.455 1.000 0.273 1.000 0.273 1.000 0.389 1.000 0.389 1.000 0.120 1.000 0.120 1.000 0.000 1.000 0.000 1.000 0.000 1.000 0.304 1.000 0.304 1.000 0.273 1.000 0.273 1.000 0.324 1.000 0.324 1.000 0.224 1.000 0.224 1.000 0.000 1.000 0.000 1.000 0.000 1.000 0.000 1.000 0.000 1.000 0.000 1.000 0.000 1.000 0.000 1.000 "o" 
"uw" "u" 0.000 1.000 0.000 1.000 0.000 1.000 0.000 1.000 0.000 1.000 0.000 1.000 0.000 1.000 0.000 1.000 0.000 1.000 0.000 1.000 0.000 1.000 0.000 1.000 0.000 1.000 0.000 1.000 0.000 1.000 0.000 1.000 0.000 1.000 0.000 1.000 0.000 1.000 0.000 1.000 0.000 1.000 0.000 1.000 0.218 1.000 0.118 1.000 0.118 1.000 0.210 1.000 0.210 1.000 -0.045 1.000 -0.045 1.000 0.000 1.000 0.000 1.000 0.000 1.000 0.000 1.000 0.000 1.000 0.270 1.000 0.270 1.000 0.210 1.000 0.210 1.000 0.679 1.000 0.679 1.000 0.619 1.000 0.619 1.000 0.195 1.000 0.195 1.000 0.000 1.000 0.000 1.000 0.000 1.000 0.000 1.000 0.000 1.000 0.000 1.000 "tOO : high back rounded vowel" 
"u" "_" 0.000 1.000 0.000 1.000 0.000 1.000 0.000 1.000 0.000 1.000 0.000 1.000 0.000 1.000 0.000 1.000 0.000 1.000 0.000 1.000 0.000 1.000 0.000 1.000 0.000 1.000 0.000 1.000 0.000 1.000 0.000 1.000 0.000 1.000 0.000 1.000 0.000 1.000 0.000 1.000 0.000 1.000 0.000 1.000 0.218 1.000 0.118 1.000 0.118 1.000 0.210 1.000 0.210 1.000 -0.045 1.000 -0.045 1.000 0.000 1.000 0.000 1.000 0.000 1.000 0.000 1.000 0.000 1.000 0.270 1.000 0.270 1.000 0.210 1.000 0.210 1.000 0.679 1.000 0.679 1.000 0.619 1.000 0.619 1.000 0.195 1.000 0.195 1.000 0.000 1.000 0.000 1.000 0.000 1.000 0.000 1.000 0.000 1.000 0.000 1.000 "u" 
"ey" "e" 0.000 1.000 0.000 1.000 0.000 1.000 0.000 1.000 0.000 1.000 0.000 1.000 0.000 1.000 0.000 1.000 0.000 1.000 0.000 1.000 0.000 1.000 0.000 1.000 0.000 1.000 0.000 1.000 0.000 1.000 0.000 1.000 0.000 1.000 0.000 1.000 0.000 1.000 0.000 1.000 0.252 1.000 0.000 1.000 0.199 1.000 0.490 1.000 0.490 1.000 0.598 1.000 0.598 1.000 0.304 1.000 0.304 1.000 0.254 1.000 0.254 1.000 0.000 1.000 0.163 1.000 0.163 1.000 0.147 1.000 0.147 1.000 0.158 1.000 0.158 1.000 0.000 1.000 0.000 1.000 0.000 1.000 0.000 1.000 0.000 1.000 0.000 1.000 0.084 1.000 0.084 1.000 0.000 1.000 0.000 1.000 0.000 1.000 0.000 1.000 "Ate : upper-mid front unrounded vowel" 
"e" "_" 0.000 1.000 0.000 1.000 0.000 1.000 0.000 1.000 0.000 1.000 0.000 1.000 0.000 1.000 0.000 1.000 0.000 1.000 0.000 1.000 0.000 1.000 0.000 1.000 0.000 1.000 0.000 1.000 0.000 1.000 0.000 1.000 0.000 1.000 0.000 1.000 0.000 1.000 0.000 1.000 0.252 1.000 0.000 1.000 0.115 1.000 0.406 1.000 0.406 1.000 0.598 1.000 0.598 1.000 0.304 1.000 0.304 1.000 0.521 1.000 0.521 1.000 0.000 1.000 0.451 1.000 0.451 1.000 0.147 1.000 0.147 1.000 0.158 1.000 0.158 1.000 0.000 1.000 0.000 1.000 0.000 1.000 0.000 1.000 0.000 1.000 0.000 1.000 0.084 1.000 0.084 1.000 0.000 1.000 0.000 1.000 0.000 1.000 0.000 1.000 "e" 
"ae" "0x00e6" 0.000 1.000 0.000 1.000 0.000 1.000 0.000 1.000 0.000 1.000 0.000 1.000 0.000 1.000 0.000 1.000 0.000 1.000 0.000 1.000 0.000 1.000 0.000 1.000 0.000 1.000 0.000 1.000 0.000 1.000 0.000 1.000 0.000 1.000 0.000 1.000 0.000 1.000 0.000 1.000 0.000 1.000 0.000 1.000 0.336 1.000 0.199 1.000 0.199 1.000 0.438 1.000 0.438 1.000 0.406 1.000 0.406 1.000 0.254 1.000 0.254 1.000 0.000 1.000 0.349 1.000 0.349 1.000 0.147 1.000 0.147 1.000 0.115 1.000 0.115 1.000 0.063 1.000 0.063 1.000 0.042 1.000 0.042 1.000 0.000 1.000 0.000 1.000 0.000 1.000 0.000 1.000 0.000 1.000 0.000 1.000 0.000 1.000 0.000 1.000 "cAt : semi-low front unrounded vowel" 
"aa" "0x0251" 0.000 1.000 0.000 1.000 0.000 1.000 0.000 1.000 0.000 1.000 0.000 1.000 0.000 1.000 0.000 1.000 0.000 1.000 0.000 1.000 0.000 1.000 0.000 1.000 0.000 1.000 0.000 1.000 0.000 1.000 0.000 1.000 0.000 1.000 0.000 1.000 0.000 1.000 0.000 1.000 0.000 1.000 0.000 1.000 0.326 1.000 0.000 1.000 0.000 1.000 0.416 1.000 0.416 1.000 0.448 1.000 0.448 1.000 0.160 1.000 0.160 1.000 0.000 1.000 0.438 1.000 0.438 1.000 0.147 1.000 0.147 1.000 0.115 1.000 0.115 1.000 0.063 1.000 0.063 1.000 0.042 1.000 0.042 1.000 0.000 1.000 0.000 1.000 0.000 1.000 0.000 1.000 0.000 1.000 0.000 1.000 0.000 1.000 0.000 1.000 "fAther : low back unrounded vowel" 
"aa2" "a" 0.000 1.000 0.000 1.000 0.000 1.000 0.000 1.000 0.000 1.000 0.000 1.000 0.000 1.000 0.000 1.000 0.000 1.000 0.000 1.000 0.000 1.000 0.000 1.000 0.000 1.000 0.000 1.000 0.000 1.000 0.000 1.000 0.000 1.000 0.000 1.000 0.000 1.000 0.000 1.000 0.000 1.000 0.000 1.000 0.326 1.000 0.000 1.000 0.000 1.000 0.416 1.000 0.416 1.000 0.448 1.000 0.448 1.000 0.160 1.000 0.160 1.000 0.000 1.000 0.438 1.000 0.438 1.000 0.147 1.000 0.147 1.000 0.115 1.000 0.115 1.000 0.063 1.000 0.063 1.000 0.042 1.000 0.042 1.000 0.000 1.000 0.000 1.000 0.000 1.000 0.000 1.000 0.000 1.000 0.000 1.000 0.000 1.000 0.000 1.000 "fAther : low front unrounded vowel" 
"a" "_" 0.000 1.000 0.000 1.000 0.000 1.000 0.000 1.000 0.000 1.000 0.000 1.000 0.000 1.000 0.000 1.000 0.000 1.000 0.000 1.000 0.000 1.000 0.000 1.000 0.000 1.000 0.000 1.000 0.000 1.000 0.000 1.000 0.000 1.000 0.000 1.000 0.000 1.000 0.000 1.000 0.000 1.000 0.000 1.000 0.210 1.000 0.000 1.000 0.000 1.000 0.416 1.000 0.416 1.000 0.448 1.000 0.448 1.000 0.254 1.000 0.254 1.000 0.000 1.000 0.433 1.000 0.433 1.000 0.147 1.000 0.147 1.000 0.115 1.000 0.115 1.000 0.063 1.000 0.063 1.000 0.042 1.000 0.042 1.000 0.000 1.000 0.000 1.000 0.000 1.000 0.000 1.000 0.000 1.000 0.000 1.000 0.000 1.000 0.000 1.000 "a" 
"iy" "i" 0.000 1.000 0.000 1.000 0.000 1.000 0.000 1.000 0.000 1.000 0.000 1.000 0.000 1.000 0.000 1.000 0.000 1.000 0.000 1.000 0.000 1.000 0.000 1.000 0.000 1.000 0.000 1.000 0.000 1.000 0.000 1.000 0.000 1.000 0.000 1.000 0.000 1.000 0.000 1.000 0.252 1.000 0.000 1.000 0.105 1.000 0.406 1.000 0.406 1.000 0.598 1.000 0.598 1.000 0.304 1.000 0.304 1.000 0.206 1.000 0.206 1.000 0.000 1.000 0.456 1.000 0.456 1.000 0.147 1.000 0.147 1.000 0.158 1.000 0.158 1.000 0.000 1.000 0.000 1.000 0.000 1.000 0.000 1.000 0.000 1.000 0.000 1.000 0.084 1.000 0.084 1.000 0.000 1.000 0.000 1.000 0.000 1.000 0.000 1.000 "fEEl : high front unrounded vowel" 
"i" "_" 0.000 1.000 0.000 1.000 0.000 1.000 0.000 1.000 0.000 1.000 0.000 1.000 0.000 1.000 0.000 1.000 0.000 1.000 0.000 1.000 0.000 1.000 0.000 1.000 0.000 1.000 0.000 1.000 0.000 1.000 0.000 1.000 0.000 1.000 0.000 1.000 0.000 1.000 0.000 1.000 0.252 1.000 0.000 1.000 0.220 1.000 0.217 1.000 0.217 1.000 0.598 1.000 0.598 1.000 0.304 1.000 0.304 1.000 0.196 1.000 0.196 1.000 0.000 1.000 0.572 1.000 0.572 1.000 0.147 1.000 0.147 1.000 0.158 1.000 0.158 1.000 0.000 1.000 0.000 1.000 0.000 1.000 0.000 1.000 0.000 1.000 0.000 1.000 0.084 1.000 0.084 1.000 0.000 1.000 0.000 1.000 0.000 1.000 0.000 1.000 "i" 
"y" "j" 0.000 1.000 0.000 1.000 0.000 1.000 0.000 1.000 0.000 1.000 0.000 1.000 0.000 1.000 0.000 1.000 0.000 1.000 0.000 1.000 0.000 1.000 0.000 1.000 0.000 1.000 0.000 1.000 0.000 1.000 0.000 1.000 0.000 1.000 0.000 1.000 0.000 1.000 0.000 1.000 -0.105 1.000 0.000 1.000 0.105 1.000 0.460 1.000 0.460 1.000 0.780 1.000 0.780 1.000 0.795 1.000 0.795 1.000 0.210 1.000 0.210 1.000 0.000 1.000 0.000 1.000 0.000 1.000 -0.255 1.000 -0.255 1.000 -0.255 1.000 -0.255 1.000 0.285 1.000 0.285 1.000 0.352 1.000 0.352 1.000 0.000 1.000 0.000 1.000 0.000 1.000 0.000 1.000 0.000 1.000 0.000 1.000 0.000 1.000 0.000 1.000 "Yacht : voiced palatal approximant" 
"j" "_" 0.000 1.000 0.000 1.000 0.000 1.000 0.000 1.000 0.000 1.000 0.000 1.000 0.000 1.000 0.000 1.000 0.000 1.000 0.000 1.000 0.000 1.000 0.000 1.000 0.000 1.000 0.000 1.000 0.000 1.000 0.000 1.000 0.000 1.000 0.000 1.000 0.000 1.000 0.000 1.000 -0.108 1.000 0.000 1.000 0.018 1.000 0.501 1.000 0.501 1.000 0.495 1.000 0.495 1.000 -0.165 1.000 -0.165 1.000 0.000 1.000 0.000 1.000 0.000 1.000 0.000 1.000 0.000 1.000 0.473 1.000 0.473 1.000 0.377 1.000 0.377 1.000 0.261 1.000 0.261 1.000 0.225 1.000 0.225 1.000 0.000 1.000 0.000 1.000 0.158 1.000 0.158 1.000 0.000 1.000 0.000 1.000 0.000 1.000 0.000 1.000 "j" 
"ah" "0x028c" 0.000 1.000 0.000 1.000 0.000 1.000 0.000 1.000 0.000 1.000 0.000 1.000 0.000 1.000 0.000 1.000 0.000 1.000 0.000 1.000 0.000 1.000 0.000 1.000 0.000 1.000 0.000 1.000 0.000 1.000 0.000 1.000 0.000 1.000 0.000 1.000 0.000 1.000 0.000 1.000 0.000 1.000 0.000 1.000 0.448 1.000 0.262 1.000 0.262 1.000 0.469 1.000 0.469 1.000 0.584 1.000 0.584 1.000 0.063 1.000 0.063 1.000 0.000 1.000 0.420 1.000 0.420 1.000 -0.150 1.000 -0.150 1.000 -0.150 1.000 -0.150 1.000 0.097 1.000 0.097 1.000 0.060 1.000 0.060 1.000 0.000 1.000 0.000 1.000 0.000 1.000 0.000 1.000 0.000 1.000 0.000 1.000 0.000 1.000 0.000 1.000 "cUt : lower-mid back unrounded vowel" 
"ao" "0x0254" 0.000 1.000 0.000 1.000 0.000 1.000 0.000 1.000 0.000 1.000 0.000 1.000 0.000 1.000 0.000 1.000 0.000 1.000 0.000 1.000 0.000 1.000 0.000 1.000 0.000 1.000 0.000 1.000 0.000 1.000 0.000 1.000 0.000 1.000 0.000 1.000 0.000 1.000 0.000 1.000 0.000 1.000 0.000 1.000 0.290 1.000 0.455 1.000 0.455 1.000 0.273 1.000 0.273 1.000 0.389 1.000 0.389 1.000 0.120 1.000 0.120 1.000 0.000 1.000 0.000 1.000 0.000 1.000 0.304 1.000 0.304 1.000 0.273 1.000 0.273 1.000 0.324 1.000 0.324 1.000 0.224 1.000 0.224 1.000 0.000 1.000 0.000 1.000 0.000 1.000 0.000 1.000 0.000 1.000 0.000 1.000 0.000 1.000 0.000 1.000 "dOg : lower-mid back rounded vowel" 
"ax" "0x0259" 0.000 1.000 0.000 1.000 0.000 1.000 0.000 1.000 0.000 1.000 0.000 1.000 0.000 1.000 0.000 1.000 0.000 1.000 0.000 1.000 0.000 1.000 0.000 1.000 0.000 1.000 0.000 1.000 0.000 1.000 0.000 1.000 0.000 1.000 0.000 1.000 0.000 1.000 0.000 1.000 0.000 1.000 0.000 1.000 0.238 1.000 0.367 1.000 0.367 1.000 0.448 1.000 0.448 1.000 0.532 1.000 0.532 1.000 0.063 1.000 0.063 1.000 0.000 1.000 0.267 1.000 0.267 1.000 -0.150 1.000 -0.150 1.000 -0.150 1.000 -0.150 1.000 0.097 1.000 0.097 1.000 0.060 1.000 0.060 1.000 0.000 1.000 0.000 1.000 0.000 1.000 0.000 1.000 0.000 1.000 0.000 1.000 0.000 1.000 0.000 1.000 "Ago : mid-central unrounded vowel" 
"ax2" "0x025c" 0.000 1.000 0.000 1.000 0.000 1.000 0.000 1.000 0.000 1.000 0.000 1.000 0.000 1.000 0.000 1.000 0.000 1.000 0.000 1.000 0.000 1.000 0.000 1.000 0.000 1.000 0.000 1.000 0.000 1.000 0.000 1.000 0.000 1.000 0.000 1.000 0.000 1.000 0.000 1.000 0.000 1.000 0.000 1.000 0.238 1.000 0.367 1.000 0.367 1.000 0.448 1.000 0.448 1.000 0.532 1.000 0.532 1.000 0.063 1.000 0.063 1.000 0.000 1.000 0.267 1.000 0.267 1.000 -0.150 1.000 -0.150 1.000 -0.150 1.000 -0.150 1.000 0.097 1.000 0.097 1.000 0.060 1.000 0.060 1.000 0.000 1.000 0.000 1.000 0.000 1.000 0.000 1.000 0.000 1.000 0.000 1.000 0.000 1.000 0.000 1.000 "Ago : lower-mid central unrounded vowel" 
"eh" "0x025b" 0.000 1.000 0.000 1.000 0.000 1.000 0.000 1.000 0.000 1.000 0.000 1.000 0.000 1.000 0.000 1.000 0.000 1.000 0.000 1.000 0.000 1.000 0.000 1.000 0.000 1.000 0.000 1.000 0.000 1.000 0.000 1.000 0.000 1.000 0.000 1.000 0.000 1.000 0.000 1.000 0.000 1.000 0.000 1.000 0.315 1.000 0.000 1.000 0.000 1.000 0.448 1.000 0.448 1.000 0.511 1.000 0.511 1.000 0.511 1.000 0.511 1.000 0.000 1.000 0.433 1.000 0.433 1.000 0.147 1.000 0.147 1.000 0.115 1.000 0.115 1.000 0.063 1.000 0.063 1.000 0.042 1.000 0.042 1.000 0.000 1.000 0.000 1.000 0.000 1.000 0.000 1.000 0.000 1.000 0.000 1.000 0.000 1.000 0.000 1.000 "pEt : lower-mid front unrounded vowel" 
"ih" "0x026a" 0.000 1.000 0.000 1.000 0.000 1.000 0.000 1.000 0.000 1.000 0.000 1.000 0.000 1.000 0.000 1.000 0.000 1.000 0.000 1.000 0.000 1.000 0.000 1.000 0.000 1.000 0.000 1.000 0.000 1.000 0.000 1.000 0.000 1.000 0.000 1.000 0.000 1.000 0.000 1.000 0.252 1.000 0.000 1.000 0.105 1.000 0.406 1.000 0.406 1.000 0.273 1.000 0.273 1.000 0.304 1.000 0.304 1.000 0.521 1.000 0.521 1.000 0.000 1.000 0.478 1.000 0.478 1.000 0.147 1.000 0.147 1.000 0.158 1.000 0.158 1.000 0.000 1.000 0.000 1.000 0.000 1.000 0.000 1.000 0.000 1.000 0.000 1.000 0.084 1.000 0.084 1.000 0.000 1.000 0.000 1.000 0.000 1.000 0.000 1.000 "fIll : semi-high front unrounded vowel" 
"ih2" "0x0268" 0.000 1.000 0.000 1.000 0.000 1.000 0.000 1.000 0.000 1.000 0.000 1.000 0.000 1.000 0.000 1.000 0.000 1.000 0.000 1.000 0.000 1.000 0.000 1.000 0.000 1.000 0.000 1.000 0.000 1.000 0.000 1.000 0.000 1.000 0.000 1.000 0.000 1.000 0.000 1.000 0.252 1.000 0.000 1.000 0.105 1.000 0.406 1.000 0.406 1.000 0.273 1.000 0.273 1.000 0.304 1.000 0.304 1.000 0.521 1.000 0.521 1.000 0.000 1.000 0.478 1.000 0.478 1.000 0.147 1.000 0.147 1.000 0.158 1.000 0.158 1.000 0.000 1.000 0.000 1.000 0.000 1.000 0.000 1.000 0.000 1.000 0.000 1.000 0.084 1.000 0.084 1.000 0.000 1.000 0.000 1.000 0.000 1.000 0.000 1.000 "fIll : high central unrounded vowel" 
"uh" "0x028a" 0.000 1.000 0.000 1.000 0.000 1.000 0.000 1.000 0.000 1.000 0.000 1.000 0.000 1.000 0.000 1.000 0.000 1.000 0.000 1.000 0.000 1.000 0.000 1.000 0.000 1.000 0.000 1.000 0.000 1.000 0.000 1.000 0.000 1.000 0.000 1.000 0.000 1.000 0.000 1.000 0.000 1.000 0.000 1.000 0.312 1.000 0.700 1.000 0.700 1.000 0.469 1.000 0.469 1.000 0.479 1.000 0.479 1.000 0.000 1.000 0.000 1.000 0.000 1.000 0.000 1.000 0.000 1.000 -0.150 1.000 -0.150 1.000 -0.150 1.000 -0.150 1.000 0.637 1.000 0.637 1.000 0.338 1.000 0.338 1.000 0.000 1.000 0.000 1.000 0.000 1.000 0.000 1.000 0.000 1.000 0.000 1.000 0.000 1.000 0.000 1.000 "bOOk : semi-high back rounded vowel" 
"g" "g" 0.000 1.000 0.000 1.000 0.000 1.000 0.000 1.000 0.000 1.000 0.000 1.000 0.000 1.000 0.000 1.000 0.000 1.000 0.000 1.000 0.000 1.000 0.000 1.000 0.000 1.000 0.000 1.000 0.000 1.000 0.000 1.000 0.000 1.000 0.000 1.000 0.000 1.000 0.000 1.000 -0.355 1.000 0.000 1.000 0.120 1.000 0.340 1.000 0.340 1.000 0.525 1.000 0.525 1.000 0.685 1.000 0.685 1.000 0.510 1.000 0.510 1.000 0.000 1.000 0.368 1.000 0.368 1.000 0.405 1.000 0.405 1.000 0.675 1.000 0.675 1.000 0.000 1.000 0.000 1.000 0.210 1.000 0.210 1.000 0.000 1.000 0.000 1.000 0.000 1.000 0.000 1.000 0.000 1.000 0.000 1.000 0.000 1.000 0.000 1.000 "taG : voiced velar stop" 
"g2" "0x0261" 0.000 1.000 0.000 1.000 0.000 1.000 0.000 1.000 0.000 1.000 0.000 1.000 0.000 1.000 0.000 1.000 0.000 1.000 0.000 1.000 0.000 1.000 0.000 1.000 0.000 1.000 0.000 1.000 0.000 1.000 0.000 1.000 0.000 1.000 0.000 1.000 0.000 1.000 0.000 1.000 -0.355 1.000 0.000 1.000 0.120 1.000 0.340 1.000 0.340 1.000 0.525 1.000 0.525 1.000 0.685 1.000 0.685 1.000 0.510 1.000 0.510 1.000 0.000 1.000 0.368 1.000 0.368 1.000 0.405 1.000 0.405 1.000 0.675 1.000 0.675 1.000 0.000 1.000 0.000 1.000 0.210 1.000 0.210 1.000 0.000 1.000 0.000 1.000 0.000 1.000 0.000 1.000 0.000 1.000 0.000 1.000 0.000 1.000 0.000 1.000 "taG : voiced velar stop" 
"h" "h" 0.000 1.000 0.000 1.000 0.000 1.000 0.000 1.000 0.000 1.000 0.000 1.000 0.000 1.000 0.000 1.000 0.000 1.000 0.000 1.000 0.000 1.000 0.000 1.000 0.000 1.000 0.000 1.000 0.000 1.000 0.000 1.000 0.000 1.000 0.000 1.000 0.000 1.000 0.000 1.000 0.000 1.000 0.000 1.000 0.186 1.000 0.455 1.000 0.455 1.000 0.273 1.000 0.273 1.000 0.389 1.000 0.389 1.000 0.290 1.000 0.290 1.000 0.000 1.000 0.283 1.000 0.283 1.000 0.304 1.000 0.304 1.000 0.273 1.000 0.273 1.000 0.000 1.000 0.000 1.000 0.000 1.000 0.000 1.000 0.000 1.000 0.000 1.000 0.000 1.000 0.000 1.000 0.000 1.000 0.000 1.000 0.000 1.000 0.000 1.000 "Help : voiceless glottal fricative" 
"hh" "h" 0.000 1.000 0.000 1.000 0.000 1.000 0.000 1.000 0.000 1.000 0.000 1.000 0.000 1.000 0.000 1.000 0.000 1.000 0.000 1.000 0.000 1.000 0.000 1.000 0.000 1.000 0.000 1.000 0.000 1.000 0.000 1.000 0.000 1.000 0.000 1.000 0.000 1.000 0.000 1.000 0.000 1.000 0.000 1.000 0.186 1.000 0.455 1.000 0.455 1.000 0.273 1.000 0.273 1.000 0.389 1.000 0.389 1.000 0.290 1.000 0.290 1.000 0.000 1.000 0.283 1.000 0.283 1.000 0.304 1.000 0.304 1.000 0.273 1.000 0.273 1.000 0.000 1.000 0.000 1.000 0.000 1.000 0.000 1.000 0.000 1.000 0.000 1.000 0.000 1.000 0.000 1.000 0.000 1.000 0.000 1.000 0.000 1.000 0.000 1.000 "Help : voiceless glottal fricative" 
"hh2" "0x0266" 0.000 1.000 0.000 1.000 0.000 1.000 0.000 1.000 0.000 1.000 0.000 1.000 0.000 1.000 0.000 1.000 0.000 1.000 0.000 1.000 0.000 1.000 0.000 1.000 0.000 1.000 0.000 1.000 0.000 1.000 0.000 1.000 0.000 1.000 0.000 1.000 0.000 1.000 0.000 1.000 0.000 1.000 0.000 1.000 0.186 1.000 0.455 1.000 0.455 1.000 0.273 1.000 0.273 1.000 0.389 1.000 0.389 1.000 0.290 1.000 0.290 1.000 0.000 1.000 0.283 1.000 0.283 1.000 0.304 1.000 0.304 1.000 0.273 1.000 0.273 1.000 0.000 1.000 0.000 1.000 0.000 1.000 0.000 1.000 0.000 1.000 0.000 1.000 0.000 1.000 0.000 1.000 0.000 1.000 0.000 1.000 0.000 1.000 0.000 1.000 "Help : breathy-voiced glottal fricative" 
"c" "k" 0.000 1.000 0.000 1.000 0.000 1.000 0.000 1.000 0.000 1.000 0.000 1.000 0.000 1.000 0.000 1.000 0.000 1.000 0.000 1.000 0.000 1.000 0.000 1.000 0.000 1.000 0.000 1.000 0.000 1.000 0.000 1.000 0.000 1.000 0.000 1.000 0.000 1.000 0.000 1.000 -0.355 1.000 0.000 1.000 0.120 1.000 0.340 1.000 0.340 1.000 0.525 1.000 0.525 1.000 0.685 1.000 0.685 1.000 0.510 1.000 0.510 1.000 0.000 1.000 0.127 1.000 0.127 1.000 0.405 1.000 0.405 1.000 0.675 1.000 0.675 1.000 0.000 1.000 0.000 1.000 0.210 1.000 0.210 1.000 0.000 1.000 0.000 1.000 0.000 1.000 0.000 1.000 0.000 1.000 0.000 1.000 0.000 1.000 0.000 1.000 "Cut : voiceless velar stop" 
"k" "k" 0.000 1.000 0.000 1.000 0.000 1.000 0.000 1.000 0.000 1.000 0.000 1.000 0.000 1.000 0.000 1.000 0.000 1.000 0.000 1.000 0.000 1.000 0.000 1.000 0.000 1.000 0.000 1.000 0.000 1.000 0.000 1.000 0.000 1.000 0.000 1.000 0.000 1.000 0.000 1.000 -0.355 1.000 0.000 1.000 0.120 1.000 0.340 1.000 0.340 1.000 0.525 1.000 0.525 1.000 0.685 1.000 0.685 1.000 0.510 1.000 0.510 1.000 0.000 1.000 0.127 1.000 0.127 1.000 0.405 1.000 0.405 1.000 0.675 1.000 0.675 1.000 0.000 1.000 0.000 1.000 0.210 1.000 0.210 1.000 0.000 1.000 0.000 1.000 0.000 1.000 0.000 1.000 0.000 1.000 0.000 1.000 0.000 1.000 0.000 1.000 "Cut : voiceless velar stop" 
"nx" "0x014b" 0.000 1.000 0.000 1.000 0.000 1.000 0.000 1.000 0.000 1.000 0.000 1.000 0.000 1.000 0.000 1.000 0.000 1.000 0.000 1.000 0.000 1.000 0.000 1.000 0.000 1.000 0.000 1.000 0.000 1.000 0.000 1.000 0.000 1.000 0.000 1.000 0.000 1.000 0.000 1.000 -0.355 1.000 0.000 1.000 0.120 1.000 0.340 1.000 0.340 1.000 0.525 1.000 0.525 1.000 0.685 1.000 0.685 1.000 0.510 1.000 0.510 1.000 0.000 1.000 0.127 1.000 0.127 1.000 0.405 1.000 0.405 1.000 0.675 1.000 0.675 1.000 0.000 1.000 0.000 1.000 0.210 1.000 0.210 1.000 0.000 1.000 0.000 1.000 0.000 1.000 0.000 1.000 0.000 1.000 0.000 1.000 0.000 1.000 0.000 1.000 "siNG : voiced velar nasal" 
"zh" "0x0292" 0.000 1.000 0.000 1.000 0.000 1.000 0.000 1.000 0.000 1.000 0.000 1.000 0.000 1.000 0.000 1.000 0.000 1.000 0.000 1.000 0.000 1.000 0.000 1.000 0.000 1.000 0.000 1.000 0.000 1.000 0.000 1.000 0.000 1.000 0.000 1.000 0.000 1.000 0.000 1.000 0.000 1.000 0.000 1.000 0.059 1.000 0.262 1.000 0.262 1.000 0.280 1.000 0.280 1.000 0.353 1.000 0.353 1.000 0.472 1.000 0.472 1.000 0.000 1.000 0.342 1.000 0.342 1.000 0.252 1.000 0.252 1.000 0.273 1.000 0.273 1.000 0.000 1.000 0.000 1.000 0.000 1.000 0.000 1.000 0.000 1.000 0.000 1.000 0.000 1.000 0.000 1.000 0.000 1.000 0.000 1.000 0.000 1.000 0.000 1.000 "aZure : voiced postalveolar fricative" 
"<sil>" "_" 0.332 1.000 0.302 1.000 0.000 1.000 0.000 1.000 0.000 1.000 0.000 1.000 -0.128 1.000 -0.120 1.000 0.000 1.000 0.000 1.000 0.652 1.000 0.638 1.000 0.480 1.000 0.502 1.000 0.391 1.000 0.346 1.000 0.000 1.000 0.000 1.000 -1.000 1.000 -1.000 1.000 0.000 1.000 0.036 1.000 -0.051 1.000 -0.083 1.000 -0.083 1.000 0.151 1.000 0.151 1.000 0.114 1.000 0.114 1.000 0.002 1.000 0.002 1.000 0.013 1.000 0.000 1.000 0.000 1.000 0.064 1.000 0.052 1.000 -0.011 1.000 -0.025 1.000 0.000 1.000 0.000 1.000 0.000 1.000 0.000 1.000 0.405 1.000 0.458 1.000 0.000 1.000 0.000 1.000 0.000 1.000 0.000 1.000 0.000 1.000 0.000 1.000 "silence" 
