$keys right_NoseV left_NoseV JawD JawH JawV right_LipsV left_LipsV right_LipUpV left_LipUpV right_LipLoV left_LipLoV right_Smile left_Smile multi_Smile right_Platysmus left_Platysmus right_FoldLipUp left_FoldLipUp right_FoldLipLo left_FoldLipLo right_PuckerLipUp left_PuckerLipUp right_PuckerLipLo left_PuckerLipLo right_LipCnrTwst left_LipCnrTwst right_Dimple left_Dimple right_PuffLipUp left_PuffLipUp right_PuffLipLo left_PuffLipLo
$hasweighting
"b" "b" 0.000 1.000 0.000 1.000 0.000 1.000 0.000 1.000 0.087 1.000 -0.150 1.000 -0.150 1.000 0.678 1.000 0.678 1.000 -0.809 1.000 -0.809 1.000 0.015 1.000 0.015 1.000 0.000 1.000 0.000 1.000 0.000 1.000 -0.281 1.000 -0.281 1.000 -0.390 1.000 -0.390 1.000 0.210 1.000 0.210 1.000 0.188 1.000 0.188 1.000 0.142 1.000 0.142 1.000 0.000 1.000 0.000 1.000 0.199 1.000 0.199 1.000 0.000 1.000 0.000 1.000 "Big : voiced alveolar stop" 
"m" "m" 0.000 1.000 0.000 1.000 0.000 1.000 0.000 1.000 0.087 1.000 -0.150 1.000 -0.150 1.000 0.678 1.000 0.678 1.000 -0.809 1.000 -0.809 1.000 0.015 1.000 0.015 1.000 0.000 1.000 0.000 1.000 0.000 1.000 -0.281 1.000 -0.281 1.000 -0.390 1.000 -0.390 1.000 0.210 1.000 0.210 1.000 0.188 1.000 0.188 1.000 0.142 1.000 0.142 1.000 0.000 1.000 0.000 1.000 0.199 1.000 0.199 1.000 0.000 1.000 0.000 1.000 "Mat : voiced bilabial nasal" 
"p" "p" 0.000 1.000 0.000 1.000 0.000 1.000 0.000 1.000 0.241 1.000 -0.040 1.000 -0.040 1.000 0.480 1.000 0.480 1.000 -0.835 1.000 -0.835 1.000 0.210 1.000 0.210 1.000 0.000 1.000 0.120 1.000 0.120 1.000 -0.645 1.000 -0.645 1.000 -0.195 1.000 -0.195 1.000 0.398 1.000 0.398 1.000 0.472 1.000 0.472 1.000 0.060 1.000 0.060 1.000 0.908 1.000 0.908 1.000 0.225 1.000 0.225 1.000 0.233 1.000 0.233 1.000 "Put; voiceless alveolar stop" 
"w" "w" 0.000 1.000 0.000 1.000 0.000 1.000 0.000 1.000 0.512 1.000 -0.083 1.000 0.184 1.000 0.540 1.000 0.540 1.000 0.720 1.000 0.720 1.000 0.023 1.000 0.023 1.000 0.000 1.000 0.000 1.000 0.000 1.000 -0.540 1.000 -0.540 1.000 -0.585 1.000 -0.585 1.000 0.582 1.000 0.582 1.000 0.627 1.000 0.627 1.000 0.090 1.000 0.090 1.000 0.000 1.000 0.000 1.000 0.240 1.000 0.240 1.000 0.225 1.000 0.225 1.000 "With : voiced labial-velar approximant" 
"f" "f" -1.000 0.700 0.105 0.700 0.090 0.700 0.015 0.700 -0.060 0.700 0.047 0.700 0.047 0.700 0.473 0.700 0.865 0.700 -0.226 0.700 -0.105 0.700 0.315 0.700 0.315 0.700 0.000 0.700 0.060 0.700 0.060 0.700 0.615 0.700 0.615 0.700 -0.700 0.700 -0.700 0.700 0.105 0.700 0.105 0.700 0.502 0.700 0.502 0.700 0.295 0.700 0.295 0.700 0.000 0.700 0.000 0.700 0.000 0.700 0.000 0.700 0.000 0.700 0.000 0.700 "Fork : voiceless labiodental fricative" 
"v" "v" -1.000 0.700 0.105 0.700 0.090 0.700 0.015 0.700 -0.060 0.700 0.047 0.700 0.047 0.700 0.473 0.700 0.865 0.700 -0.226 0.700 -0.105 0.700 0.315 0.700 0.315 0.700 0.000 0.700 0.060 0.700 0.060 0.700 0.615 0.700 0.615 0.700 -0.700 0.700 -0.700 0.700 0.105 0.700 0.105 0.700 0.502 0.700 0.502 0.700 0.295 0.700 0.295 0.700 0.000 0.700 0.000 0.700 0.000 0.700 0.000 0.700 0.000 0.700 0.000 0.700 "Val : voiced labialdental fricative" 
"r" "0x0279" 0.000 1.000 0.000 1.000 0.136 1.000 0.000 1.000 0.241 1.000 0.248 1.000 0.248 1.000 0.389 1.000 0.389 1.000 0.115 1.000 0.115 1.000 0.000 1.000 0.000 1.000 0.000 1.000 0.000 1.000 0.000 1.000 0.556 1.000 0.556 1.000 0.378 1.000 0.378 1.000 0.095 1.000 0.095 1.000 0.252 1.000 0.252 1.000 0.000 1.000 0.000 1.000 0.000 1.000 0.000 1.000 0.000 1.000 0.000 1.000 0.000 1.000 0.000 1.000 "Red : voiced alveolar approximant" 
"er" "0x025a" 0.000 1.000 0.000 1.000 0.136 1.000 0.000 1.000 0.241 1.000 0.248 1.000 0.248 1.000 0.389 1.000 0.389 1.000 0.115 1.000 0.115 1.000 0.000 1.000 0.000 1.000 0.000 1.000 0.000 1.000 0.000 1.000 0.556 1.000 0.556 1.000 0.378 1.000 0.378 1.000 0.095 1.000 0.095 1.000 0.252 1.000 0.252 1.000 0.000 1.000 0.000 1.000 0.000 1.000 0.000 1.000 0.000 1.000 0.000 1.000 0.000 1.000 0.000 1.000 "URn : rhotacized schwa" 
"dh" "0x00f0" 0.000 1.000 0.000 1.000 0.168 1.000 0.000 1.000 0.073 1.000 0.154 1.000 0.154 1.000 0.472 1.000 0.472 1.000 0.389 1.000 0.389 1.000 0.210 1.000 0.210 1.000 0.000 1.000 0.168 1.000 0.168 1.000 -0.225 1.000 -0.225 1.000 0.585 1.000 0.585 1.000 0.120 1.000 0.120 1.000 0.142 1.000 0.142 1.000 0.000 1.000 0.000 1.000 0.000 1.000 0.000 1.000 0.000 1.000 0.000 1.000 0.000 1.000 0.000 1.000 "THen : voiced dental fricative" 
"th" "0x03b8" 0.000 1.000 0.000 1.000 0.168 1.000 0.000 1.000 0.073 1.000 0.154 1.000 0.154 1.000 0.472 1.000 0.472 1.000 0.389 1.000 0.389 1.000 0.210 1.000 0.210 1.000 0.000 1.000 0.168 1.000 0.168 1.000 -0.225 1.000 -0.225 1.000 0.585 1.000 0.585 1.000 0.120 1.000 0.120 1.000 0.142 1.000 0.142 1.000 0.000 1.000 0.000 1.000 0.000 1.000 0.000 1.000 0.000 1.000 0.000 1.000 0.000 1.000 0.000 1.000 "THin : voiceless dental fricative" 
"sh" "0x0283" 0.000 1.000 0.000 1.000 -0.108 1.000 0.000 1.000 0.018 1.000 0.471 1.000 0.471 1.000 0.435 1.000 0.435 1.000 -0.105 1.000 -0.105 1.000 0.000 1.000 0.000 1.000 0.000 1.000 0.000 1.000 0.000 1.000 0.578 1.000 0.578 1.000 0.557 1.000 0.557 1.000 0.313 1.000 0.313 1.000 0.292 1.000 0.292 1.000 0.000 1.000 0.000 1.000 0.158 1.000 0.158 1.000 0.000 1.000 0.000 1.000 0.000 1.000 0.000 1.000 "SHe : voiceless postalveolar fricative" 
"jh" "0x02a4" 0.000 1.000 0.000 1.000 -0.108 1.000 0.000 1.000 0.018 1.000 0.471 1.000 0.471 1.000 0.435 1.000 0.435 1.000 -0.105 1.000 -0.105 1.000 0.000 1.000 0.000 1.000 0.000 1.000 0.000 1.000 0.000 1.000 0.578 1.000 0.578 1.000 0.557 1.000 0.557 1.000 0.313 1.000 0.313 1.000 0.292 1.000 0.292 1.000 0.000 1.000 0.000 1.000 0.158 1.000 0.158 1.000 0.000 1.000 0.000 1.000 0.000 1.000 0.000 1.000 "Joy : voiced postalveolar afficate" 
"ch" "0x02a7" 0.000 1.000 0.000 1.000 -0.108 1.000 0.000 1.000 0.018 1.000 0.471 1.000 0.471 1.000 0.435 1.000 0.435 1.000 -0.105 1.000 -0.105 1.000 0.000 1.000 0.000 1.000 0.000 1.000 0.000 1.000 0.000 1.000 0.578 1.000 0.578 1.000 0.557 1.000 0.557 1.000 0.313 1.000 0.313 1.000 0.292 1.000 0.292 1.000 0.000 1.000 0.000 1.000 0.158 1.000 0.158 1.000 0.000 1.000 0.000 1.000 0.000 1.000 0.000 1.000 "CHin : voiceless postalveolar affricate" 
"s" "s" 0.000 1.000 0.000 1.000 0.133 1.000 0.000 1.000 0.021 1.000 0.206 1.000 0.206 1.000 0.288 1.000 0.483 1.000 0.500 1.000 0.500 1.000 0.288 1.000 0.288 1.000 0.000 1.000 0.142 1.000 0.142 1.000 -0.345 1.000 -0.345 1.000 -0.360 1.000 -0.360 1.000 0.052 1.000 0.052 1.000 0.105 1.000 0.105 1.000 0.000 1.000 0.000 1.000 0.000 1.000 0.000 1.000 0.000 1.000 0.000 1.000 0.000 1.000 0.000 1.000 "Sit : voiceless alveolar fricative" 
"z" "z" 0.000 1.000 0.000 1.000 0.133 1.000 0.000 1.000 0.021 1.000 0.206 1.000 0.206 1.000 0.288 1.000 0.483 1.000 0.500 1.000 0.500 1.000 0.288 1.000 0.288 1.000 0.000 1.000 0.142 1.000 0.142 1.000 -0.345 1.000 -0.345 1.000 -0.360 1.000 -0.360 1.000 0.052 1.000 0.052 1.000 0.105 1.000 0.105 1.000 0.000 1.000 0.000 1.000 0.000 1.000 0.000 1.000 0.000 1.000 0.000 1.000 0.000 1.000 0.000 1.000 "Zap : voiced alveolar fricative" 
"d" "d" 0.000 1.000 0.000 1.000 0.133 1.000 0.000 1.000 0.021 1.000 0.206 1.000 0.206 1.000 0.288 1.000 0.483 1.000 0.500 1.000 0.500 1.000 0.288 1.000 0.288 1.000 0.000 1.000 0.142 1.000 0.142 1.000 -0.345 1.000 -0.345 1.000 -0.360 1.000 -0.360 1.000 0.052 1.000 0.052 1.000 0.105 1.000 0.105 1.000 0.000 1.000 0.000 1.000 0.000 1.000 0.000 1.000 0.000 1.000 0.000 1.000 0.000 1.000 0.000 1.000 "Dig : voiced bilabial stop" 
"l" "l" 0.000 1.000 0.000 1.000 -0.355 1.000 0.000 1.000 0.150 1.000 0.655 1.000 0.655 1.000 0.750 1.000 0.750 1.000 0.820 1.000 0.820 1.000 0.645 1.000 0.645 1.000 0.000 1.000 0.450 1.000 0.450 1.000 0.000 1.000 0.000 1.000 0.000 1.000 0.000 1.000 0.000 1.000 0.000 1.000 0.488 1.000 0.488 1.000 0.000 1.000 0.000 1.000 0.000 1.000 0.000 1.000 0.000 1.000 0.000 1.000 0.000 1.000 0.000 1.000 "Lid : voiced alveolar lateral approximant" 
"n" "n" 0.000 1.000 0.000 1.000 -0.355 1.000 0.000 1.000 0.150 1.000 0.655 1.000 0.655 1.000 0.750 1.000 0.750 1.000 0.820 1.000 0.820 1.000 0.645 1.000 0.645 1.000 0.000 1.000 0.450 1.000 0.450 1.000 0.000 1.000 0.000 1.000 0.000 1.000 0.000 1.000 0.000 1.000 0.000 1.000 0.488 1.000 0.488 1.000 0.000 1.000 0.000 1.000 0.000 1.000 0.000 1.000 0.000 1.000 0.000 1.000 0.000 1.000 0.000 1.000 "No : voiced alveolar nasal" 
"t" "t" 0.000 1.000 0.000 1.000 -0.355 1.000 0.000 1.000 0.030 1.000 0.655 1.000 0.655 1.000 0.570 1.000 0.570 1.000 0.790 1.000 0.790 1.000 0.660 1.000 0.660 1.000 0.000 1.000 0.278 1.000 0.278 1.000 0.000 1.000 0.000 1.000 0.000 1.000 0.000 1.000 0.000 1.000 0.000 1.000 0.488 1.000 0.488 1.000 0.000 1.000 0.000 1.000 0.000 1.000 0.000 1.000 0.000 1.000 0.000 1.000 0.000 1.000 0.000 1.000 "Talk : voiceless bilabial stop" 
"hh" "h" 0.000 1.000 0.000 1.000 0.061 1.000 0.000 1.000 0.134 1.000 0.171 1.000 0.171 1.000 0.141 1.000 0.219 1.000 0.162 1.000 0.162 1.000 0.153 1.000 0.153 1.000 0.000 1.000 0.095 1.000 0.098 1.000 0.039 1.000 0.039 1.000 0.027 1.000 0.027 1.000 0.000 1.000 0.000 1.000 0.000 1.000 0.000 1.000 0.000 1.000 0.000 1.000 0.020 1.000 0.020 1.000 0.000 1.000 0.000 1.000 0.000 1.000 0.000 1.000 "Help : voiceless glottal fricative" 
"iy" "i" 0.000 1.000 0.000 1.000 0.252 1.000 0.000 1.000 0.105 1.000 0.406 1.000 0.406 1.000 0.365 1.000 0.598 1.000 0.304 1.000 0.304 1.000 0.521 1.000 0.521 1.000 0.000 1.000 0.321 1.000 0.321 1.000 0.147 1.000 0.147 1.000 0.158 1.000 0.158 1.000 0.000 1.000 0.000 1.000 0.000 1.000 0.000 1.000 0.000 1.000 0.000 1.000 0.084 1.000 0.084 1.000 0.000 1.000 0.000 1.000 0.000 1.000 0.000 1.000 "fEEl : high front unrounded vowel" 
"c" "k" 0.000 1.000 0.000 1.000 -0.355 1.000 0.000 1.000 0.120 1.000 0.340 1.000 0.340 1.000 0.525 1.000 0.525 1.000 0.685 1.000 0.685 1.000 0.510 1.000 0.510 1.000 0.000 1.000 0.127 1.000 0.127 1.000 0.405 1.000 0.405 1.000 0.675 1.000 0.675 1.000 0.000 1.000 0.000 1.000 0.210 1.000 0.210 1.000 0.000 1.000 0.000 1.000 0.000 1.000 0.000 1.000 0.000 1.000 0.000 1.000 0.000 1.000 0.000 1.000 "Cut : voiceless velar stop" 
"aa" "0x0251" 0.000 1.000 0.000 1.000 0.000 1.000 0.000 1.000 0.616 1.000 0.409 1.000 0.409 1.000 0.300 1.000 0.416 1.000 0.500 1.000 0.500 1.000 0.153 1.000 0.153 1.000 0.000 1.000 0.097 1.000 0.115 1.000 0.021 1.000 0.021 1.000 -0.090 1.000 -0.090 1.000 0.000 1.000 0.000 1.000 0.000 1.000 0.000 1.000 0.000 1.000 0.000 1.000 0.000 1.000 0.000 1.000 0.000 1.000 0.000 1.000 0.000 1.000 0.000 1.000 "fAther : low back unrounded vowel" 
"ao" "0x0254" 0.000 1.000 0.000 1.000 0.326 1.000 0.000 1.000 0.448 1.000 0.000 1.000 0.000 1.000 0.322 1.000 0.322 1.000 0.312 1.000 0.312 1.000 0.099 1.000 0.099 1.000 0.000 1.000 0.073 1.000 0.073 1.000 0.315 1.000 0.315 1.000 0.462 1.000 0.462 1.000 0.089 1.000 0.089 1.000 0.073 1.000 0.073 1.000 0.000 1.000 0.000 1.000 0.000 1.000 0.000 1.000 0.000 1.000 0.000 1.000 0.000 1.000 0.000 1.000 "dOg : lower-mid back rounded vowel" 
"eh" "0x025b" 0.000 1.000 0.000 1.000 0.000 1.000 0.000 1.000 0.403 1.000 0.195 1.000 0.195 1.000 0.262 1.000 0.317 1.000 0.434 1.000 0.434 1.000 0.175 1.000 0.175 1.000 0.000 1.000 0.113 1.000 0.122 1.000 0.087 1.000 0.087 1.000 0.031 1.000 0.031 1.000 0.033 1.000 0.033 1.000 0.022 1.000 0.022 1.000 0.000 1.000 0.000 1.000 0.000 1.000 0.000 1.000 0.000 1.000 0.000 1.000 0.000 1.000 0.000 1.000 "pEt : lower-mid front unrounded vowel" 
"ih" "0x026a" 0.000 1.000 0.000 1.000 0.000 1.000 0.000 1.000 0.403 1.000 0.195 1.000 0.195 1.000 0.262 1.000 0.317 1.000 0.434 1.000 0.434 1.000 0.175 1.000 0.175 1.000 0.000 1.000 0.113 1.000 0.122 1.000 0.087 1.000 0.087 1.000 0.031 1.000 0.031 1.000 0.033 1.000 0.033 1.000 0.022 1.000 0.022 1.000 0.000 1.000 0.000 1.000 0.000 1.000 0.000 1.000 0.000 1.000 0.000 1.000 0.000 1.000 0.000 1.000 "fIll : semi-high front unrounded vowel" 
"ow" "o" 0.000 1.000 0.000 1.000 0.000 1.000 0.000 1.000 0.512 1.000 -0.083 1.000 0.184 1.000 0.540 1.000 0.540 1.000 0.720 1.000 0.720 1.000 0.023 1.000 0.023 1.000 0.000 1.000 0.000 1.000 0.000 1.000 -0.540 1.000 -0.540 1.000 -0.585 1.000 -0.585 1.000 0.582 1.000 0.582 1.000 0.627 1.000 0.627 1.000 0.090 1.000 0.090 1.000 0.000 1.000 0.000 1.000 0.240 1.000 0.240 1.000 0.225 1.000 0.225 1.000 "gO : upper-mid back rounded vowel" 
"uw" "u" 0.000 1.000 0.000 1.000 0.000 1.000 0.000 1.000 0.291 1.000 0.040 1.000 0.255 1.000 0.178 1.000 0.178 1.000 -0.045 1.000 -0.045 1.000 0.000 1.000 0.000 1.000 0.000 1.000 0.000 1.000 0.000 1.000 0.525 1.000 0.525 1.000 0.420 1.000 0.420 1.000 0.874 1.000 0.874 1.000 0.867 1.000 0.867 1.000 0.135 1.000 0.135 1.000 0.000 1.000 0.000 1.000 0.000 1.000 0.000 1.000 0.000 1.000 0.000 1.000 "tOO : high back rounded vowel" 
"nx" "0x014b" 0.000 1.000 0.000 1.000 -0.355 1.000 0.000 1.000 0.150 1.000 0.655 1.000 0.655 1.000 0.750 1.000 0.750 1.000 0.820 1.000 0.820 1.000 0.645 1.000 0.645 1.000 0.000 1.000 0.450 1.000 0.450 1.000 0.000 1.000 0.000 1.000 0.000 1.000 0.000 1.000 0.000 1.000 0.000 1.000 0.488 1.000 0.488 1.000 0.000 1.000 0.000 1.000 0.000 1.000 0.000 1.000 0.000 1.000 0.000 1.000 0.000 1.000 0.000 1.000 "siNG : voiced velar nasal" 
"ax" "0x0259" 0.000 1.000 0.000 1.000 0.000 1.000 0.000 1.000 0.616 1.000 0.409 1.000 0.409 1.000 0.300 1.000 0.416 1.000 0.500 1.000 0.500 1.000 0.153 1.000 0.153 1.000 0.000 1.000 0.097 1.000 0.115 1.000 0.021 1.000 0.021 1.000 -0.090 1.000 -0.090 1.000 0.000 1.000 0.000 1.000 0.000 1.000 0.000 1.000 0.000 1.000 0.000 1.000 0.000 1.000 0.000 1.000 0.000 1.000 0.000 1.000 0.000 1.000 0.000 1.000 "Ago : mid-central unrounded vowel" 
"ey" "e" 0.000 1.000 0.000 1.000 0.122 1.000 0.000 1.000 0.159 1.000 0.197 1.000 0.197 1.000 0.294 1.000 0.407 1.000 0.341 1.000 0.341 1.000 0.353 1.000 0.353 1.000 0.000 1.000 0.221 1.000 0.221 1.000 0.147 1.000 0.147 1.000 0.136 1.000 0.136 1.000 0.032 1.000 0.032 1.000 0.022 1.000 0.022 1.000 0.000 1.000 0.000 1.000 0.041 1.000 0.041 1.000 0.000 1.000 0.000 1.000 0.000 1.000 0.000 1.000 "Ate : upper-mid front unrounded vowel" 
"ae" "0x00e6" 0.000 1.000 0.000 1.000 0.000 1.000 0.000 1.000 0.616 1.000 0.409 1.000 0.409 1.000 0.300 1.000 0.416 1.000 0.500 1.000 0.500 1.000 0.153 1.000 0.153 1.000 0.000 1.000 0.097 1.000 0.115 1.000 0.021 1.000 0.021 1.000 -0.090 1.000 -0.090 1.000 0.000 1.000 0.000 1.000 0.000 1.000 0.000 1.000 0.000 1.000 0.000 1.000 0.000 1.000 0.000 1.000 0.000 1.000 0.000 1.000 0.000 1.000 0.000 1.000 "cAt : semi-low front unrounded vowel" 
"y" "j" 0.000 1.000 0.000 1.000 0.115 1.000 0.000 1.000 0.126 1.000 -0.118 1.000 0.160 1.000 0.525 1.000 0.525 1.000 0.720 1.000 0.720 1.000 0.030 1.000 0.030 1.000 0.000 1.000 0.308 1.000 0.308 1.000 -0.255 1.000 -0.255 1.000 -0.255 1.000 -0.255 1.000 0.000 1.000 0.000 1.000 0.127 1.000 0.127 1.000 0.000 1.000 0.000 1.000 0.000 1.000 0.000 1.000 0.000 1.000 0.000 1.000 0.000 1.000 0.000 1.000 "Yacht : voiced palatal approximant" 
"g" "g" 0.000 1.000 0.000 1.000 -0.355 1.000 0.000 1.000 0.120 1.000 0.340 1.000 0.340 1.000 0.525 1.000 0.525 1.000 0.685 1.000 0.685 1.000 0.510 1.000 0.510 1.000 0.000 1.000 0.127 1.000 0.127 1.000 0.405 1.000 0.405 1.000 0.675 1.000 0.675 1.000 0.000 1.000 0.000 1.000 0.210 1.000 0.210 1.000 0.000 1.000 0.000 1.000 0.000 1.000 0.000 1.000 0.000 1.000 0.000 1.000 0.000 1.000 0.000 1.000 "taG : voiced velar stop" 
"ah" "0x028c" 0.000 1.000 0.000 1.000 0.000 1.000 0.000 1.000 0.616 1.000 0.409 1.000 0.409 1.000 0.300 1.000 0.416 1.000 0.500 1.000 0.500 1.000 0.153 1.000 0.153 1.000 0.000 1.000 0.097 1.000 0.115 1.000 0.021 1.000 0.021 1.000 -0.090 1.000 -0.090 1.000 0.000 1.000 0.000 1.000 0.000 1.000 0.000 1.000 0.000 1.000 0.000 1.000 0.000 1.000 0.000 1.000 0.000 1.000 0.000 1.000 0.000 1.000 0.000 1.000 "cUt : lower-mid back unrounded vowel" 
"uh" "0x028a" 0.000 1.000 0.000 1.000 0.326 1.000 0.000 1.000 0.448 1.000 0.000 1.000 0.000 1.000 0.322 1.000 0.322 1.000 0.312 1.000 0.312 1.000 0.099 1.000 0.099 1.000 0.000 1.000 0.073 1.000 0.073 1.000 0.315 1.000 0.315 1.000 0.462 1.000 0.462 1.000 0.089 1.000 0.089 1.000 0.073 1.000 0.073 1.000 0.000 1.000 0.000 1.000 0.000 1.000 0.000 1.000 0.000 1.000 0.000 1.000 0.000 1.000 0.000 1.000 "bOOk : semi-high back rounded vowel" 
