$keys JawD JawV right_LipsV left_LipsV right_LipUpV left_LipUpV right_LipLoV left_LipLoV right_Smile left_Smile multi_Smile right_Platysmus left_Platysmus right_FoldLipUp left_FoldLipUp right_FoldLipLo left_FoldLipLo right_PuckerLipUp left_PuckerLipUp right_PuckerLipLo left_PuckerLipLo right_Dimple left_Dimple right_PuffLipUp left_PuffLipUp right_PuffLipLo left_PuffLipLo
$hasweighting
"b" "b" 0.000 1.000 0.000 1.000 -1.000 1.000 -1.000 1.000 0.000 1.000 0.000 1.000 0.000 1.000 0.000 1.000 0.000 1.000 0.000 1.000 0.000 1.000 0.000 1.000 0.000 1.000 0.000 1.000 0.000 1.000 0.000 1.000 0.000 1.000 0.000 1.000 0.000 1.000 0.000 1.000 0.000 1.000 0.000 1.000 0.000 1.000 0.526 1.000 0.526 1.000 0.469 1.000 0.469 1.000 "Big : voiced alveolar stop"
"m" "m" 0.000 1.000 0.000 1.000 -1.000 1.000 -1.000 1.000 0.000 1.000 0.000 1.000 0.000 1.000 0.000 1.000 0.000 1.000 0.000 1.000 0.000 1.000 0.000 1.000 0.000 1.000 0.000 1.000 0.000 1.000 0.000 1.000 0.000 1.000 0.000 1.000 0.000 1.000 0.000 1.000 0.000 1.000 0.000 1.000 0.000 1.000 0.526 1.000 0.526 1.000 0.469 1.000 0.469 1.000 "Mat : voiced bilabial nasal"
"p" "p" 0.000 1.000 0.180 1.000 -0.430 1.000 -0.430 1.000 0.000 1.000 0.000 1.000 0.000 1.000 0.000 1.000 0.000 1.000 0.000 1.000 0.000 1.000 0.000 1.000 0.000 1.000 -0.300 1.000 -0.300 1.000 -0.330 1.000 -0.330 1.000 0.382 1.000 0.382 1.000 0.352 1.000 0.352 1.000 0.233 1.000 0.233 1.000 0.526 1.000 0.526 1.000 0.469 1.000 0.469 1.000 "Put; voiceless alveolar stop"
"w" "w" 0.000 1.000 0.517 1.000 0.064 1.000 0.064 1.000 0.000 1.000 0.000 1.000 0.090 1.000 0.090 1.000 0.000 1.000 0.000 1.000 0.000 1.000 0.000 1.000 0.000 1.000 0.000 1.000 0.000 1.000 0.000 1.000 0.000 1.000 1.000 1.000 1.000 1.000 1.000 1.000 1.000 1.000 0.000 1.000 0.000 1.000 0.000 1.000 0.000 1.000 0.000 1.000 0.000 1.000 "With : voiced labial-velar approximant"
"f" "f" -0.060 1.000 0.181 1.000 0.000 1.000 0.000 1.000 0.681 1.000 0.681 1.000 0.000 1.000 0.000 1.000 0.090 1.000 0.090 1.000 0.000 1.000 0.000 1.000 0.000 1.000 -0.670 1.000 -0.670 1.000 -0.850 1.000 -0.850 1.000 0.000 1.000 0.000 1.000 0.000 1.000 0.000 1.000 0.533 1.000 0.533 1.000 0.000 1.000 0.000 1.000 0.000 1.000 0.000 1.000 "Fork : voiceless labiodental fricative"
"v" "v" -0.060 1.000 0.181 1.000 0.000 1.000 0.000 1.000 0.681 1.000 0.681 1.000 0.000 1.000 0.000 1.000 0.090 1.000 0.090 1.000 0.000 1.000 0.000 1.000 0.000 1.000 -0.670 1.000 -0.670 1.000 -0.850 1.000 -0.850 1.000 0.000 1.000 0.000 1.000 0.000 1.000 0.000 1.000 0.533 1.000 0.533 1.000 0.000 1.000 0.000 1.000 0.000 1.000 0.000 1.000 "Val : voiced labialdental fricative"
"r" "0x0279" 0.338 1.000 0.133 1.000 0.115 1.000 0.115 1.000 0.045 1.000 0.045 1.000 0.327 1.000 0.327 1.000 0.000 1.000 0.000 1.000 0.000 1.000 0.000 1.000 0.000 1.000 0.615 1.000 0.615 1.000 0.825 1.000 0.825 1.000 0.930 1.000 0.930 1.000 0.810 1.000 0.810 1.000 0.000 1.000 0.000 1.000 0.000 1.000 0.000 1.000 0.000 1.000 0.000 1.000 "Red : voiced alveolar approximant"
"r2" "r" 0.338 1.000 0.133 1.000 0.115 1.000 0.115 1.000 0.045 1.000 0.045 1.000 0.327 1.000 0.327 1.000 0.000 1.000 0.000 1.000 0.000 1.000 0.000 1.000 0.000 1.000 0.615 1.000 0.615 1.000 0.825 1.000 0.825 1.000 0.930 1.000 0.930 1.000 0.810 1.000 0.810 1.000 0.000 1.000 0.000 1.000 0.000 1.000 0.000 1.000 0.000 1.000 0.000 1.000 "Red : voiced alveolar trill"
"r3" "0x027b" 0.338 1.000 0.133 1.000 0.115 1.000 0.115 1.000 0.045 1.000 0.045 1.000 0.327 1.000 0.327 1.000 0.000 1.000 0.000 1.000 0.000 1.000 0.000 1.000 0.000 1.000 0.615 1.000 0.615 1.000 0.825 1.000 0.825 1.000 0.930 1.000 0.930 1.000 0.810 1.000 0.810 1.000 0.000 1.000 0.000 1.000 0.000 1.000 0.000 1.000 0.000 1.000 0.000 1.000 "Red : voiced retroflex approximant"
"er" "0x025a" 0.338 1.000 0.343 1.000 0.070 1.000 0.070 1.000 0.255 1.000 0.255 1.000 0.387 1.000 0.387 1.000 0.000 1.000 0.000 1.000 0.000 1.000 0.000 1.000 0.000 1.000 0.255 1.000 0.255 1.000 0.330 1.000 0.330 1.000 0.720 1.000 0.720 1.000 0.697 1.000 0.697 1.000 0.000 1.000 0.000 1.000 0.000 1.000 0.000 1.000 0.000 1.000 0.000 1.000 "URn : rhotacized schwa"
"er2" "0x025d" 0.338 1.000 0.343 1.000 0.070 1.000 0.070 1.000 0.255 1.000 0.255 1.000 0.387 1.000 0.387 1.000 0.000 1.000 0.000 1.000 0.000 1.000 0.000 1.000 0.000 1.000 0.255 1.000 0.255 1.000 0.330 1.000 0.330 1.000 0.720 1.000 0.720 1.000 0.697 1.000 0.697 1.000 0.000 1.000 0.000 1.000 0.000 1.000 0.000 1.000 0.000 1.000 0.000 1.000 "URn : rhotacized lower-mid central vowel"
"dh" "0x00f0" 0.570 1.000 0.073 1.000 0.262 1.000 0.262 1.000 0.399 1.000 0.399 1.000 0.331 1.000 0.331 1.000 0.211 1.000 0.211 1.000 0.000 1.000 0.000 1.000 0.000 1.000 -0.177 1.000 -0.177 1.000 -0.230 1.000 -0.230 1.000 0.000 1.000 0.000 1.000 0.000 1.000 0.000 1.000 0.203 1.000 0.203 1.000 0.000 1.000 0.000 1.000 0.000 1.000 0.000 1.000 "THen : voiced dental fricative"
"th" "0x03b8" 0.570 1.000 0.073 1.000 0.262 1.000 0.262 1.000 0.399 1.000 0.399 1.000 0.331 1.000 0.331 1.000 0.211 1.000 0.211 1.000 0.000 1.000 0.000 1.000 0.000 1.000 -0.177 1.000 -0.177 1.000 -0.230 1.000 -0.230 1.000 0.000 1.000 0.000 1.000 0.000 1.000 0.000 1.000 0.203 1.000 0.203 1.000 0.000 1.000 0.000 1.000 0.000 1.000 0.000 1.000 "THin : voiceless dental fricative"
"sh" "0x0283" 0.450 1.000 -0.018 1.000 0.450 1.000 0.450 1.000 0.135 1.000 0.135 1.000 0.000 1.000 0.000 1.000 0.000 1.000 0.000 1.000 0.000 1.000 0.000 1.000 0.000 1.000 0.639 1.000 0.639 1.000 0.799 1.000 0.799 1.000 0.259 1.000 0.259 1.000 0.637 1.000 0.637 1.000 0.000 1.000 0.000 1.000 0.000 1.000 0.000 1.000 0.000 1.000 0.000 1.000 "SHe : voiceless postalveolar fricative"
"jh" "0x02a4" 0.450 1.000 -0.018 1.000 0.450 1.000 0.450 1.000 0.135 1.000 0.135 1.000 0.000 1.000 0.000 1.000 0.000 1.000 0.000 1.000 0.000 1.000 0.000 1.000 0.000 1.000 0.639 1.000 0.639 1.000 0.799 1.000 0.799 1.000 0.259 1.000 0.259 1.000 0.637 1.000 0.637 1.000 0.000 1.000 0.000 1.000 0.000 1.000 0.000 1.000 0.000 1.000 0.000 1.000 "Joy : voiced postalveolar afficate"
"ch" "0x02a7" 0.450 1.000 -0.018 1.000 0.450 1.000 0.450 1.000 0.135 1.000 0.135 1.000 0.000 1.000 0.000 1.000 0.000 1.000 0.000 1.000 0.000 1.000 0.000 1.000 0.000 1.000 0.639 1.000 0.639 1.000 0.799 1.000 0.799 1.000 0.259 1.000 0.259 1.000 0.637 1.000 0.637 1.000 0.000 1.000 0.000 1.000 0.000 1.000 0.000 1.000 0.000 1.000 0.000 1.000 "CHin : voiceless postalveolar affricate"
"s" "s" 0.353 1.000 -0.002 1.000 0.175 1.000 0.175 1.000 0.810 1.000 0.810 1.000 0.537 1.000 0.537 1.000 0.338 1.000 0.338 1.000 0.000 1.000 0.060 1.000 0.060 1.000 -0.630 1.000 -0.630 1.000 -0.315 1.000 -0.315 1.000 0.000 1.000 0.000 1.000 0.000 1.000 0.000 1.000 0.000 1.000 0.000 1.000 0.000 1.000 0.000 1.000 0.000 1.000 0.000 1.000 "Sit : voiceless alveolar fricative"
"z" "z" 0.353 1.000 -0.002 1.000 0.175 1.000 0.175 1.000 0.810 1.000 0.810 1.000 0.537 1.000 0.537 1.000 0.338 1.000 0.338 1.000 0.000 1.000 0.060 1.000 0.060 1.000 -0.630 1.000 -0.630 1.000 -0.315 1.000 -0.315 1.000 0.000 1.000 0.000 1.000 0.000 1.000 0.000 1.000 0.000 1.000 0.000 1.000 0.000 1.000 0.000 1.000 0.000 1.000 0.000 1.000 "Zap : voiced alveolar fricative"
"d" "d" 0.353 1.000 -0.002 1.000 0.175 1.000 0.175 1.000 0.810 1.000 0.810 1.000 0.537 1.000 0.537 1.000 0.338 1.000 0.338 1.000 0.000 1.000 0.060 1.000 0.060 1.000 -0.630 1.000 -0.630 1.000 -0.315 1.000 -0.315 1.000 0.000 1.000 0.000 1.000 0.000 1.000 0.000 1.000 0.000 1.000 0.000 1.000 0.000 1.000 0.000 1.000 0.000 1.000 0.000 1.000 "Dig : voiced bilabial stop"
"d2" "0x027e" 0.353 1.000 -0.002 1.000 0.175 1.000 0.175 1.000 0.810 1.000 0.810 1.000 0.537 1.000 0.537 1.000 0.338 1.000 0.338 1.000 0.000 1.000 0.060 1.000 0.060 1.000 -0.630 1.000 -0.630 1.000 -0.315 1.000 -0.315 1.000 0.000 1.000 0.000 1.000 0.000 1.000 0.000 1.000 0.000 1.000 0.000 1.000 0.000 1.000 0.000 1.000 0.000 1.000 0.000 1.000 "Dig : voiced alveolar flap or tap"
"l" "l" 0.570 1.000 0.073 1.000 0.262 1.000 0.262 1.000 0.399 1.000 0.399 1.000 0.331 1.000 0.331 1.000 0.211 1.000 0.211 1.000 0.000 1.000 0.000 1.000 0.000 1.000 -0.177 1.000 -0.177 1.000 -0.230 1.000 -0.230 1.000 0.000 1.000 0.000 1.000 0.000 1.000 0.000 1.000 0.203 1.000 0.203 1.000 0.000 1.000 0.000 1.000 0.000 1.000 0.000 1.000 "Lid : voiced alveolar lateral approximant"
"l2" "0x026b" 0.570 1.000 0.073 1.000 0.262 1.000 0.262 1.000 0.399 1.000 0.399 1.000 0.331 1.000 0.331 1.000 0.211 1.000 0.211 1.000 0.000 1.000 0.000 1.000 0.000 1.000 -0.177 1.000 -0.177 1.000 -0.230 1.000 -0.230 1.000 0.000 1.000 0.000 1.000 0.000 1.000 0.000 1.000 0.203 1.000 0.203 1.000 0.000 1.000 0.000 1.000 0.000 1.000 0.000 1.000 "Lid : velarized voiced alveolar lateral approximant"
"n" "n" -0.059 1.000 0.080 1.000 0.000 1.000 0.000 1.000 0.426 1.000 0.426 1.000 0.427 1.000 0.427 1.000 0.375 1.000 0.375 1.000 0.000 1.000 0.203 1.000 0.203 1.000 0.000 1.000 0.000 1.000 0.000 1.000 0.000 1.000 0.000 1.000 0.000 1.000 0.000 1.000 0.000 1.000 0.000 1.000 0.000 1.000 0.000 1.000 0.000 1.000 0.000 1.000 0.000 1.000 "No : voiced alveolar nasal"
"t" "t" 0.353 1.000 -0.002 1.000 0.175 1.000 0.175 1.000 0.810 1.000 0.810 1.000 0.537 1.000 0.537 1.000 0.338 1.000 0.338 1.000 0.000 1.000 0.060 1.000 0.060 1.000 -0.630 1.000 -0.630 1.000 -0.315 1.000 -0.315 1.000 0.000 1.000 0.000 1.000 0.000 1.000 0.000 1.000 0.000 1.000 0.000 1.000 0.000 1.000 0.000 1.000 0.000 1.000 0.000 1.000 "Talk : voiceless bilabial stop"
"ow" "o" 0.000 1.000 0.946 1.000 0.490 1.000 0.490 1.000 -0.135 1.000 -0.135 1.000 -0.352 1.000 -0.352 1.000 0.140 1.000 0.140 1.000 0.000 1.000 0.168 1.000 0.168 1.000 0.450 1.000 0.450 1.000 1.000 1.000 1.000 1.000 0.810 1.000 0.810 1.000 0.322 1.000 0.322 1.000 0.000 1.000 0.000 1.000 0.000 1.000 0.000 1.000 0.000 1.000 0.000 1.000 "gO : upper-mid back rounded vowel"
"uw" "u" 0.000 1.000 0.517 1.000 0.064 1.000 0.064 1.000 0.000 1.000 0.000 1.000 0.090 1.000 0.090 1.000 0.000 1.000 0.000 1.000 0.000 1.000 0.000 1.000 0.000 1.000 0.000 1.000 0.000 1.000 0.000 1.000 0.000 1.000 1.000 1.000 1.000 1.000 1.000 1.000 1.000 1.000 0.000 1.000 0.000 1.000 0.000 1.000 0.000 1.000 0.000 1.000 0.000 1.000 "tOO : high back rounded vowel"
"ey" "e" 0.000 1.000 0.886 1.000 0.000 1.000 0.000 1.000 0.906 1.000 0.906 1.000 0.736 1.000 0.736 1.000 0.620 1.000 0.620 1.000 0.000 1.000 0.377 1.000 0.377 1.000 0.000 1.000 0.000 1.000 0.000 1.000 0.000 1.000 0.000 1.000 0.000 1.000 0.000 1.000 0.000 1.000 0.000 1.000 0.000 1.000 0.000 1.000 0.000 1.000 0.000 1.000 0.000 1.000 "Ate : upper-mid front unrounded vowel"
"ae" "0x00e6" 0.000 1.000 0.886 1.000 0.000 1.000 0.000 1.000 0.906 1.000 0.906 1.000 0.736 1.000 0.736 1.000 0.620 1.000 0.620 1.000 0.000 1.000 0.377 1.000 0.377 1.000 0.000 1.000 0.000 1.000 0.000 1.000 0.000 1.000 0.000 1.000 0.000 1.000 0.000 1.000 0.000 1.000 0.000 1.000 0.000 1.000 0.000 1.000 0.000 1.000 0.000 1.000 0.000 1.000 "cAt : semi-low front unrounded vowel"
"aa" "0x0251" 0.000 1.000 0.961 1.000 -0.005 1.000 -0.005 1.000 0.645 1.000 0.645 1.000 0.660 1.000 0.660 1.000 0.548 1.000 0.548 1.000 0.000 1.000 0.481 1.000 0.481 1.000 -0.270 1.000 -0.270 1.000 -0.135 1.000 -0.135 1.000 0.000 1.000 0.000 1.000 0.000 1.000 0.000 1.000 0.000 1.000 0.000 1.000 0.000 1.000 0.000 1.000 0.000 1.000 0.000 1.000 "fAther : low back unrounded vowel"
"aa2" "a" 0.000 1.000 0.961 1.000 -0.005 1.000 -0.005 1.000 0.645 1.000 0.645 1.000 0.660 1.000 0.660 1.000 0.548 1.000 0.548 1.000 0.000 1.000 0.481 1.000 0.481 1.000 -0.270 1.000 -0.270 1.000 -0.135 1.000 -0.135 1.000 0.000 1.000 0.000 1.000 0.000 1.000 0.000 1.000 0.000 1.000 0.000 1.000 0.000 1.000 0.000 1.000 0.000 1.000 0.000 1.000 "fAther : low front unrounded vowel"
"iy" "i" -0.075 1.000 0.102 1.000 0.000 1.000 0.000 1.000 0.542 1.000 0.542 1.000 0.543 1.000 0.543 1.000 0.477 1.000 0.477 1.000 0.000 1.000 0.258 1.000 0.258 1.000 0.000 1.000 0.000 1.000 0.000 1.000 0.000 1.000 0.000 1.000 0.000 1.000 0.000 1.000 0.000 1.000 0.000 1.000 0.000 1.000 0.000 1.000 0.000 1.000 0.000 1.000 0.000 1.000 "fEEl : high front unrounded vowel"
"y" "j" -0.075 1.000 0.102 1.000 0.000 1.000 0.000 1.000 0.542 1.000 0.542 1.000 0.543 1.000 0.543 1.000 0.477 1.000 0.477 1.000 0.000 1.000 0.258 1.000 0.258 1.000 0.000 1.000 0.000 1.000 0.000 1.000 0.000 1.000 0.000 1.000 0.000 1.000 0.000 1.000 0.000 1.000 0.000 1.000 0.000 1.000 0.000 1.000 0.000 1.000 0.000 1.000 0.000 1.000 "Yacht : voiced palatal approximant"
"ah" "0x028c" 0.290 1.000 0.993 1.000 0.068 1.000 0.068 1.000 0.498 1.000 0.498 1.000 0.590 1.000 0.590 1.000 0.017 1.000 0.017 1.000 0.000 1.000 0.066 1.000 0.066 1.000 0.265 1.000 0.265 1.000 0.688 1.000 0.688 1.000 0.256 1.000 0.256 1.000 0.072 1.000 0.072 1.000 0.000 1.000 0.000 1.000 0.000 1.000 0.000 1.000 0.000 1.000 0.000 1.000 "cUt : lower-mid back unrounded vowel"
"ao" "0x0254" 0.290 1.000 0.993 1.000 0.068 1.000 0.068 1.000 0.498 1.000 0.498 1.000 0.590 1.000 0.590 1.000 0.017 1.000 0.017 1.000 0.000 1.000 0.066 1.000 0.066 1.000 0.265 1.000 0.265 1.000 0.688 1.000 0.688 1.000 0.256 1.000 0.256 1.000 0.072 1.000 0.072 1.000 0.000 1.000 0.000 1.000 0.000 1.000 0.000 1.000 0.000 1.000 0.000 1.000 "dOg : lower-mid back rounded vowel"
"ax" "0x0259" 0.000 1.000 0.961 1.000 -0.005 1.000 -0.005 1.000 0.645 1.000 0.645 1.000 0.660 1.000 0.660 1.000 0.548 1.000 0.548 1.000 0.000 1.000 0.481 1.000 0.481 1.000 -0.270 1.000 -0.270 1.000 -0.135 1.000 -0.135 1.000 0.000 1.000 0.000 1.000 0.000 1.000 0.000 1.000 0.000 1.000 0.000 1.000 0.000 1.000 0.000 1.000 0.000 1.000 0.000 1.000 "Ago : mid-central unrounded vowel"
"ax2" "0x025c" 0.000 1.000 0.961 1.000 -0.005 1.000 -0.005 1.000 0.645 1.000 0.645 1.000 0.660 1.000 0.660 1.000 0.548 1.000 0.548 1.000 0.000 1.000 0.481 1.000 0.481 1.000 -0.270 1.000 -0.270 1.000 -0.135 1.000 -0.135 1.000 0.000 1.000 0.000 1.000 0.000 1.000 0.000 1.000 0.000 1.000 0.000 1.000 0.000 1.000 0.000 1.000 0.000 1.000 0.000 1.000 "Ago : lower-mid central unrounded vowel"
"eh" "0x025b" 0.000 1.000 0.623 1.000 0.000 1.000 0.000 1.000 0.637 1.000 0.637 1.000 0.517 1.000 0.517 1.000 0.436 1.000 0.436 1.000 0.000 1.000 0.265 1.000 0.265 1.000 0.000 1.000 0.000 1.000 0.000 1.000 0.000 1.000 0.000 1.000 0.000 1.000 0.000 1.000 0.000 1.000 0.000 1.000 0.000 1.000 0.000 1.000 0.000 1.000 0.000 1.000 0.000 1.000 "pEt : lower-mid front unrounded vowel"
"ih" "0x026a" -0.075 1.000 0.102 1.000 0.000 1.000 0.000 1.000 0.542 1.000 0.542 1.000 0.543 1.000 0.543 1.000 0.477 1.000 0.477 1.000 0.000 1.000 0.258 1.000 0.258 1.000 0.000 1.000 0.000 1.000 0.000 1.000 0.000 1.000 0.000 1.000 0.000 1.000 0.000 1.000 0.000 1.000 0.000 1.000 0.000 1.000 0.000 1.000 0.000 1.000 0.000 1.000 0.000 1.000 "fIll : semi-high front unrounded vowel"
"ih2" "0x0268" -0.075 1.000 0.102 1.000 0.000 1.000 0.000 1.000 0.542 1.000 0.542 1.000 0.543 1.000 0.543 1.000 0.477 1.000 0.477 1.000 0.000 1.000 0.258 1.000 0.258 1.000 0.000 1.000 0.000 1.000 0.000 1.000 0.000 1.000 0.000 1.000 0.000 1.000 0.000 1.000 0.000 1.000 0.000 1.000 0.000 1.000 0.000 1.000 0.000 1.000 0.000 1.000 0.000 1.000 "fIll : high central unrounded vowel"
"uh" "0x028a" 0.233 1.000 0.984 1.000 0.152 1.000 0.152 1.000 0.373 1.000 0.373 1.000 0.404 1.000 0.404 1.000 0.041 1.000 0.041 1.000 0.000 1.000 0.086 1.000 0.086 1.000 0.302 1.000 0.302 1.000 0.750 1.000 0.750 1.000 0.366 1.000 0.366 1.000 0.122 1.000 0.122 1.000 0.000 1.000 0.000 1.000 0.000 1.000 0.000 1.000 0.000 1.000 0.000 1.000 "bOOk : semi-high back rounded vowel"
"g" "g" 0.454 1.000 0.087 1.000 0.000 1.000 0.000 1.000 0.464 1.000 0.464 1.000 0.465 1.000 0.465 1.000 0.409 1.000 0.409 1.000 0.000 1.000 0.221 1.000 0.221 1.000 0.000 1.000 0.000 1.000 0.000 1.000 0.000 1.000 0.000 1.000 0.000 1.000 0.000 1.000 0.000 1.000 0.000 1.000 0.000 1.000 0.000 1.000 0.000 1.000 0.000 1.000 0.000 1.000 "taG : voiced velar stop"
"g2" "0x0261" 0.454 1.000 0.087 1.000 0.000 1.000 0.000 1.000 0.464 1.000 0.464 1.000 0.465 1.000 0.465 1.000 0.409 1.000 0.409 1.000 0.000 1.000 0.221 1.000 0.221 1.000 0.000 1.000 0.000 1.000 0.000 1.000 0.000 1.000 0.000 1.000 0.000 1.000 0.000 1.000 0.000 1.000 0.000 1.000 0.000 1.000 0.000 1.000 0.000 1.000 0.000 1.000 0.000 1.000 "taG : voiced velar stop"
"h" "h" -0.041 1.000 0.214 1.000 0.000 1.000 0.000 1.000 0.459 1.000 0.459 1.000 0.430 1.000 0.430 1.000 0.373 1.000 0.373 1.000 0.000 1.000 0.209 1.000 0.209 1.000 0.000 1.000 0.000 1.000 0.000 1.000 0.000 1.000 0.000 1.000 0.000 1.000 0.000 1.000 0.000 1.000 0.000 1.000 0.000 1.000 0.000 1.000 0.000 1.000 0.000 1.000 0.000 1.000 "Help : voiceless glottal fricative"
"hh" "h" -0.041 1.000 0.214 1.000 0.000 1.000 0.000 1.000 0.459 1.000 0.459 1.000 0.430 1.000 0.430 1.000 0.373 1.000 0.373 1.000 0.000 1.000 0.209 1.000 0.209 1.000 0.000 1.000 0.000 1.000 0.000 1.000 0.000 1.000 0.000 1.000 0.000 1.000 0.000 1.000 0.000 1.000 0.000 1.000 0.000 1.000 0.000 1.000 0.000 1.000 0.000 1.000 0.000 1.000 "Help : voiceless glottal fricative"
"hh2" "0x0266" -0.041 1.000 0.214 1.000 0.000 1.000 0.000 1.000 0.459 1.000 0.459 1.000 0.430 1.000 0.430 1.000 0.373 1.000 0.373 1.000 0.000 1.000 0.209 1.000 0.209 1.000 0.000 1.000 0.000 1.000 0.000 1.000 0.000 1.000 0.000 1.000 0.000 1.000 0.000 1.000 0.000 1.000 0.000 1.000 0.000 1.000 0.000 1.000 0.000 1.000 0.000 1.000 0.000 1.000 "Help : breathy-voiced glottal fricative"
"c" "k" 0.266 1.000 0.067 1.000 0.000 1.000 0.000 1.000 0.354 1.000 0.354 1.000 0.355 1.000 0.355 1.000 0.312 1.000 0.312 1.000 0.000 1.000 0.169 1.000 0.169 1.000 0.000 1.000 0.000 1.000 0.000 1.000 0.000 1.000 0.000 1.000 0.000 1.000 0.000 1.000 0.000 1.000 0.000 1.000 0.000 1.000 0.000 1.000 0.000 1.000 0.000 1.000 0.000 1.000 "Cut : voiceless velar stop"
"k" "k" 0.266 1.000 0.067 1.000 0.000 1.000 0.000 1.000 0.354 1.000 0.354 1.000 0.355 1.000 0.355 1.000 0.312 1.000 0.312 1.000 0.000 1.000 0.169 1.000 0.169 1.000 0.000 1.000 0.000 1.000 0.000 1.000 0.000 1.000 0.000 1.000 0.000 1.000 0.000 1.000 0.000 1.000 0.000 1.000 0.000 1.000 0.000 1.000 0.000 1.000 0.000 1.000 0.000 1.000 "Cut : voiceless velar stop"
"nx" "0x014b" 0.349 1.000 0.067 1.000 0.000 1.000 0.000 1.000 0.357 1.000 0.357 1.000 0.358 1.000 0.358 1.000 0.315 1.000 0.315 1.000 0.000 1.000 0.170 1.000 0.170 1.000 0.000 1.000 0.000 1.000 0.000 1.000 0.000 1.000 0.000 1.000 0.000 1.000 0.000 1.000 0.000 1.000 0.000 1.000 0.000 1.000 0.000 1.000 0.000 1.000 0.000 1.000 0.000 1.000 "siNG : voiced velar nasal"
"zh" "0x0292" 0.247 1.000 -0.010 1.000 0.247 1.000 0.247 1.000 0.074 1.000 0.074 1.000 0.000 1.000 0.000 1.000 0.000 1.000 0.000 1.000 0.000 1.000 0.000 1.000 0.000 1.000 0.351 1.000 0.351 1.000 0.439 1.000 0.439 1.000 0.142 1.000 0.142 1.000 0.350 1.000 0.350 1.000 0.000 1.000 0.000 1.000 0.000 1.000 0.000 1.000 0.000 1.000 0.000 1.000 "aZure : voiced postalveolar fricative"
"<sil>" "_" 0.000 1.000 0.000 1.000 0.000 1.000 0.000 1.000 0.000 1.000 0.000 1.000 0.000 1.000 0.000 1.000 0.000 1.000 0.000 1.000 0.000 1.000 0.000 1.000 0.000 1.000 0.000 1.000 0.000 1.000 0.000 1.000 0.000 1.000 0.000 1.000 0.000 1.000 0.000 1.000 0.000 1.000 0.000 1.000 0.000 1.000 0.000 1.000 0.000 1.000 0.000 1.000 0.000 1.000 "silence"
