$keys JawD JawV right_LipsV left_LipsV right_LipUpV left_LipUpV right_LipLoV left_LipLoV right_Smile left_Smile multi_Smile right_Platysmus left_Platysmus right_FoldLipUp left_FoldLipUp right_FoldLipLo left_FoldLipLo right_PuckerLipUp left_PuckerLipUp right_PuckerLipLo left_PuckerLipLo right_Dimple left_Dimple right_PuffLipUp left_PuffLipUp right_PuffLipLo left_PuffLipLo
$hasweighting
"b" "b" 0.000 0.700 0.000 0.700 -1.000 1.000 -1.000 1.000 0.000 1.000 0.000 1.000 0.000 1.000 0.000 1.000 0.000 1.000 0.000 1.000 0.000 1.000 0.000 1.000 0.000 1.000 0.000 1.000 0.000 1.000 0.000 1.000 0.000 1.000 0.000 1.000 0.000 1.000 0.000 1.000 0.000 1.000 0.000 1.000 0.000 1.000 0.526 1.000 0.526 1.000 0.469 1.000 0.469 1.000 "Big : voiced alveolar stop"
"m" "m" 0.000 0.700 0.000 0.700 -1.000 1.000 -1.000 1.000 0.000 1.000 0.000 1.000 0.000 1.000 0.000 1.000 0.000 1.000 0.000 1.000 0.000 1.000 0.000 1.000 0.000 1.000 0.000 1.000 0.000 1.000 0.000 1.000 0.000 1.000 0.000 1.000 0.000 1.000 0.000 1.000 0.000 1.000 0.000 1.000 0.000 1.000 0.526 1.000 0.526 1.000 0.469 1.000 0.469 1.000 "Mat : voiced bilabial nasal"
"p" "p" 0.000 0.700 0.126 0.700 -0.430 1.000 -0.430 1.000 0.000 1.000 0.000 1.000 0.000 1.000 0.000 1.000 0.000 1.000 0.000 1.000 0.000 1.000 0.000 1.000 0.000 1.000 -0.300 1.000 -0.300 1.000 -0.330 1.000 -0.330 1.000 0.382 1.000 0.382 1.000 0.352 1.000 0.352 1.000 0.233 1.000 0.233 1.000 0.526 1.000 0.526 1.000 0.469 1.000 0.469 1.000 "Put; voiceless alveolar stop"
"w" "w" 0.000 0.700 0.362 0.700 0.045 0.700 0.045 0.700 0.000 0.700 0.000 0.700 0.063 0.700 0.063 0.700 0.000 0.700 0.000 0.700 0.000 0.700 0.000 0.700 0.000 0.700 0.000 0.700 0.000 0.700 0.000 0.700 0.000 0.700 0.700 0.700 0.700 0.700 0.700 0.700 0.700 0.700 0.000 0.700 0.000 0.700 0.000 0.700 0.000 0.700 0.000 0.700 0.000 0.700 "With : voiced labial-velar approximant"
"f" "f" -0.060 0.700 0.127 0.700 0.000 0.700 0.000 0.700 0.477 0.700 0.477 0.700 0.000 0.700 0.000 0.700 0.063 0.700 0.063 0.700 0.000 0.700 0.000 0.700 0.000 0.700 -0.670 1.000 -0.670 1.000 -0.850 1.000 -0.850 1.000 0.000 1.000 0.000 1.000 0.000 1.000 0.000 1.000 0.533 1.000 0.533 1.000 0.000 1.000 0.000 1.000 0.000 1.000 0.000 1.000 "Fork : voiceless labiodental fricative"
"v" "v" -0.060 0.700 0.127 0.700 0.000 0.700 0.000 0.700 0.477 0.700 0.477 0.700 0.000 0.700 0.000 0.700 0.063 0.700 0.063 0.700 0.000 0.700 0.000 0.700 0.000 0.700 -0.670 1.000 -0.670 1.000 -0.850 1.000 -0.850 1.000 0.000 1.000 0.000 1.000 0.000 1.000 0.000 1.000 0.533 1.000 0.533 1.000 0.000 1.000 0.000 1.000 0.000 1.000 0.000 1.000 "Val : voiced labialdental fricative"
"r" "0x0279" 0.237 0.700 0.093 0.700 0.081 0.700 0.081 0.700 0.032 0.700 0.032 0.700 0.229 0.700 0.229 0.700 0.000 0.700 0.000 0.700 0.000 0.700 0.000 0.700 0.000 0.700 0.430 0.700 0.430 0.700 0.577 0.700 0.577 0.700 0.651 0.700 0.651 0.700 0.567 0.700 0.567 0.700 0.000 0.700 0.000 0.700 0.000 0.700 0.000 0.700 0.000 0.700 0.000 0.700 "Red : voiced alveolar approximant"
"r2" "r" 0.237 0.700 0.093 0.700 0.081 0.700 0.081 0.700 0.032 0.700 0.032 0.700 0.229 0.700 0.229 0.700 0.000 0.700 0.000 0.700 0.000 0.700 0.000 0.700 0.000 0.700 0.430 0.700 0.430 0.700 0.577 0.700 0.577 0.700 0.651 0.700 0.651 0.700 0.567 0.700 0.567 0.700 0.000 0.700 0.000 0.700 0.000 0.700 0.000 0.700 0.000 0.700 0.000 0.700 "Red : voiced alveolar trill"
"r3" "0x027b" 0.237 0.700 0.093 0.700 0.081 0.700 0.081 0.700 0.032 0.700 0.032 0.700 0.229 0.700 0.229 0.700 0.000 0.700 0.000 0.700 0.000 0.700 0.000 0.700 0.000 0.700 0.430 0.700 0.430 0.700 0.577 0.700 0.577 0.700 0.651 0.700 0.651 0.700 0.567 0.700 0.567 0.700 0.000 0.700 0.000 0.700 0.000 0.700 0.000 0.700 0.000 0.700 0.000 0.700 "Red : voiced retroflex approximant"
"er" "0x025a" 0.237 0.700 0.240 0.700 0.049 0.700 0.049 0.700 0.178 0.700 0.178 0.700 0.271 0.700 0.271 0.700 0.000 0.700 0.000 0.700 0.000 0.700 0.000 0.700 0.000 0.700 0.178 0.700 0.178 0.700 0.231 0.700 0.231 0.700 0.504 0.700 0.504 0.700 0.488 0.700 0.488 0.700 0.000 0.700 0.000 0.700 0.000 0.700 0.000 0.700 0.000 0.700 0.000 0.700 "URn : rhotacized schwa"
"er2" "0x025d" 0.237 0.700 0.240 0.700 0.049 0.700 0.049 0.700 0.178 0.700 0.178 0.700 0.271 0.700 0.271 0.700 0.000 0.700 0.000 0.700 0.000 0.700 0.000 0.700 0.000 0.700 0.178 0.700 0.178 0.700 0.231 0.700 0.231 0.700 0.504 0.700 0.504 0.700 0.488 0.700 0.488 0.700 0.000 0.700 0.000 0.700 0.000 0.700 0.000 0.700 0.000 0.700 0.000 0.700 "URn : rhotacized lower-mid central vowel"
"dh" "0x00f0" 0.399 0.700 0.051 0.700 0.183 0.700 0.183 0.700 0.279 0.700 0.279 0.700 0.232 0.700 0.232 0.700 0.148 0.700 0.148 0.700 0.000 0.700 0.000 0.700 0.000 0.700 -0.177 1.000 -0.177 1.000 -0.230 1.000 -0.230 1.000 0.000 1.000 0.000 1.000 0.000 1.000 0.000 1.000 0.203 1.000 0.203 1.000 0.000 1.000 0.000 1.000 0.000 1.000 0.000 1.000 "THen : voiced dental fricative"
"th" "0x03b8" 0.399 0.700 0.051 0.700 0.183 0.700 0.183 0.700 0.279 0.700 0.279 0.700 0.232 0.700 0.232 0.700 0.148 0.700 0.148 0.700 0.000 0.700 0.000 0.700 0.000 0.700 -0.177 1.000 -0.177 1.000 -0.230 1.000 -0.230 1.000 0.000 1.000 0.000 1.000 0.000 1.000 0.000 1.000 0.203 1.000 0.203 1.000 0.000 1.000 0.000 1.000 0.000 1.000 0.000 1.000 "THin : voiceless dental fricative"
"sh" "0x0283" 0.315 0.700 -0.018 1.000 0.450 1.000 0.450 1.000 0.135 1.000 0.135 1.000 0.000 1.000 0.000 1.000 0.000 1.000 0.000 1.000 0.000 1.000 0.000 1.000 0.000 1.000 0.639 1.000 0.639 1.000 0.799 1.000 0.799 1.000 0.259 1.000 0.259 1.000 0.637 1.000 0.637 1.000 0.000 1.000 0.000 1.000 0.000 1.000 0.000 1.000 0.000 1.000 0.000 1.000 "SHe : voiceless postalveolar fricative"
"jh" "0x02a4" 0.315 0.700 -0.018 1.000 0.450 1.000 0.450 1.000 0.135 1.000 0.135 1.000 0.000 1.000 0.000 1.000 0.000 1.000 0.000 1.000 0.000 1.000 0.000 1.000 0.000 1.000 0.639 1.000 0.639 1.000 0.799 1.000 0.799 1.000 0.259 1.000 0.259 1.000 0.637 1.000 0.637 1.000 0.000 1.000 0.000 1.000 0.000 1.000 0.000 1.000 0.000 1.000 0.000 1.000 "Joy : voiced postalveolar afficate"
"ch" "0x02a7" 0.315 0.700 -0.018 1.000 0.450 1.000 0.450 1.000 0.135 1.000 0.135 1.000 0.000 1.000 0.000 1.000 0.000 1.000 0.000 1.000 0.000 1.000 0.000 1.000 0.000 1.000 0.639 1.000 0.639 1.000 0.799 1.000 0.799 1.000 0.259 1.000 0.259 1.000 0.637 1.000 0.637 1.000 0.000 1.000 0.000 1.000 0.000 1.000 0.000 1.000 0.000 1.000 0.000 1.000 "CHin : voiceless postalveolar affricate"
"s" "s" 0.247 0.700 -0.002 1.000 0.175 1.000 0.175 1.000 0.810 1.000 0.810 1.000 0.537 1.000 0.537 1.000 0.338 1.000 0.338 1.000 0.000 1.000 0.060 1.000 0.060 1.000 -0.630 1.000 -0.630 1.000 -0.315 1.000 -0.315 1.000 0.000 1.000 0.000 1.000 0.000 1.000 0.000 1.000 0.000 1.000 0.000 1.000 0.000 1.000 0.000 1.000 0.000 1.000 0.000 1.000 "Sit : voiceless alveolar fricative"
"z" "z" 0.247 0.700 -0.002 1.000 0.175 1.000 0.175 1.000 0.810 1.000 0.810 1.000 0.537 1.000 0.537 1.000 0.338 1.000 0.338 1.000 0.000 1.000 0.060 1.000 0.060 1.000 -0.630 1.000 -0.630 1.000 -0.315 1.000 -0.315 1.000 0.000 1.000 0.000 1.000 0.000 1.000 0.000 1.000 0.000 1.000 0.000 1.000 0.000 1.000 0.000 1.000 0.000 1.000 0.000 1.000 "Zap : voiced alveolar fricative"
"d" "d" 0.247 0.700 -0.002 1.000 0.175 1.000 0.175 1.000 0.810 1.000 0.810 1.000 0.537 1.000 0.537 1.000 0.338 1.000 0.338 1.000 0.000 1.000 0.060 1.000 0.060 1.000 -0.630 1.000 -0.630 1.000 -0.315 1.000 -0.315 1.000 0.000 1.000 0.000 1.000 0.000 1.000 0.000 1.000 0.000 1.000 0.000 1.000 0.000 1.000 0.000 1.000 0.000 1.000 0.000 1.000 "Dig : voiced bilabial stop"
"d2" "0x027e" 0.247 0.700 -0.002 1.000 0.175 1.000 0.175 1.000 0.810 1.000 0.810 1.000 0.537 1.000 0.537 1.000 0.338 1.000 0.338 1.000 0.000 1.000 0.060 1.000 0.060 1.000 -0.630 1.000 -0.630 1.000 -0.315 1.000 -0.315 1.000 0.000 1.000 0.000 1.000 0.000 1.000 0.000 1.000 0.000 1.000 0.000 1.000 0.000 1.000 0.000 1.000 0.000 1.000 0.000 1.000 "Dig : voiced alveolar flap or tap"
"l" "l" 0.399 0.700 0.051 0.700 0.183 0.700 0.183 0.700 0.279 0.700 0.279 0.700 0.232 0.700 0.232 0.700 0.148 0.700 0.148 0.700 0.000 0.700 0.000 0.700 0.000 0.700 -0.177 1.000 -0.177 1.000 -0.230 1.000 -0.230 1.000 0.000 1.000 0.000 1.000 0.000 1.000 0.000 1.000 0.203 1.000 0.203 1.000 0.000 1.000 0.000 1.000 0.000 1.000 0.000 1.000 "Lid : voiced alveolar lateral approximant"
"l2" "0x026b" 0.399 0.700 0.051 0.700 0.183 0.700 0.183 0.700 0.279 0.700 0.279 0.700 0.232 0.700 0.232 0.700 0.148 0.700 0.148 0.700 0.000 0.700 0.000 0.700 0.000 0.700 -0.177 1.000 -0.177 1.000 -0.230 1.000 -0.230 1.000 0.000 1.000 0.000 1.000 0.000 1.000 0.000 1.000 0.203 1.000 0.203 1.000 0.000 1.000 0.000 1.000 0.000 1.000 0.000 1.000 "Lid : velarized voiced alveolar lateral approximant"
"n" "n" -0.059 0.700 0.056 0.700 0.000 0.700 0.000 0.700 0.298 0.700 0.298 0.700 0.299 0.700 0.299 0.700 0.262 0.700 0.262 0.700 0.000 0.700 0.142 0.700 0.142 0.700 0.000 0.700 0.000 0.700 0.000 0.700 0.000 0.700 0.000 0.700 0.000 0.700 0.000 0.700 0.000 0.700 0.000 0.700 0.000 0.700 0.000 0.700 0.000 0.700 0.000 0.700 0.000 0.700 "No : voiced alveolar nasal"
"t" "t" 0.247 0.700 -0.002 1.000 0.175 1.000 0.175 1.000 0.810 1.000 0.810 1.000 0.537 1.000 0.537 1.000 0.338 1.000 0.338 1.000 0.000 1.000 0.060 1.000 0.060 1.000 -0.630 1.000 -0.630 1.000 -0.315 1.000 -0.315 1.000 0.000 1.000 0.000 1.000 0.000 1.000 0.000 1.000 0.000 1.000 0.000 1.000 0.000 1.000 0.000 1.000 0.000 1.000 0.000 1.000 "Talk : voiceless bilabial stop"
"ow" "o" 0.000 0.700 0.662 0.700 0.343 0.700 0.343 0.700 -0.135 1.000 -0.135 1.000 -0.352 1.000 -0.352 1.000 0.140 1.000 0.140 1.000 0.000 1.000 0.168 1.000 0.168 1.000 0.450 1.000 0.450 1.000 1.000 1.000 1.000 1.000 0.810 1.000 0.810 1.000 0.322 1.000 0.322 1.000 0.000 1.000 0.000 1.000 0.000 1.000 0.000 1.000 0.000 1.000 0.000 1.000 "gO : upper-mid back rounded vowel"
"uw" "u" 0.000 0.700 0.362 0.700 0.045 0.700 0.045 0.700 0.000 0.700 0.000 0.700 0.063 0.700 0.063 0.700 0.000 0.700 0.000 0.700 0.000 0.700 0.000 0.700 0.000 0.700 0.000 0.700 0.000 0.700 0.000 0.700 0.000 0.700 0.700 0.700 0.700 0.700 0.700 0.700 0.700 0.700 0.000 0.700 0.000 0.700 0.000 0.700 0.000 0.700 0.000 0.700 0.000 0.700 "tOO : high back rounded vowel"
"ey" "e" 0.000 0.700 0.620 0.700 0.000 0.700 0.000 0.700 0.634 0.700 0.634 0.700 0.515 0.700 0.515 0.700 0.434 0.700 0.434 0.700 0.000 0.700 0.264 0.700 0.264 0.700 0.000 0.700 0.000 0.700 0.000 0.700 0.000 0.700 0.000 0.700 0.000 0.700 0.000 0.700 0.000 0.700 0.000 0.700 0.000 0.700 0.000 0.700 0.000 0.700 0.000 0.700 0.000 0.700 "Ate : upper-mid front unrounded vowel"
"ae" "0x00e6" 0.000 0.700 0.620 0.700 0.000 0.700 0.000 0.700 0.634 0.700 0.634 0.700 0.515 0.700 0.515 0.700 0.434 0.700 0.434 0.700 0.000 0.700 0.264 0.700 0.264 0.700 0.000 0.700 0.000 0.700 0.000 0.700 0.000 0.700 0.000 0.700 0.000 0.700 0.000 0.700 0.000 0.700 0.000 0.700 0.000 0.700 0.000 0.700 0.000 0.700 0.000 0.700 0.000 0.700 "cAt : semi-low front unrounded vowel"
"aa" "0x0251" 0.000 0.700 0.673 0.700 -0.005 1.000 -0.005 1.000 0.645 1.000 0.645 1.000 0.660 1.000 0.660 1.000 0.548 1.000 0.548 1.000 0.000 1.000 0.481 1.000 0.481 1.000 -0.270 1.000 -0.270 1.000 -0.135 1.000 -0.135 1.000 0.000 1.000 0.000 1.000 0.000 1.000 0.000 1.000 0.000 1.000 0.000 1.000 0.000 1.000 0.000 1.000 0.000 1.000 0.000 1.000 "fAther : low back unrounded vowel"
"aa2" "a" 0.000 0.700 0.673 0.700 -0.005 1.000 -0.005 1.000 0.645 1.000 0.645 1.000 0.660 1.000 0.660 1.000 0.548 1.000 0.548 1.000 0.000 1.000 0.481 1.000 0.481 1.000 -0.270 1.000 -0.270 1.000 -0.135 1.000 -0.135 1.000 0.000 1.000 0.000 1.000 0.000 1.000 0.000 1.000 0.000 1.000 0.000 1.000 0.000 1.000 0.000 1.000 0.000 1.000 0.000 1.000 "fAther : low front unrounded vowel"
"iy" "i" -0.075 0.700 0.071 0.700 0.000 0.700 0.000 0.700 0.379 0.700 0.379 0.700 0.380 0.700 0.380 0.700 0.334 0.700 0.334 0.700 0.000 0.700 0.181 0.700 0.181 0.700 0.000 0.700 0.000 0.700 0.000 0.700 0.000 0.700 0.000 0.700 0.000 0.700 0.000 0.700 0.000 0.700 0.000 0.700 0.000 0.700 0.000 0.700 0.000 0.700 0.000 0.700 0.000 0.700 "fEEl : high front unrounded vowel"
"y" "j" -0.075 0.700 0.071 0.700 0.000 0.700 0.000 0.700 0.379 0.700 0.379 0.700 0.380 0.700 0.380 0.700 0.334 0.700 0.334 0.700 0.000 0.700 0.181 0.700 0.181 0.700 0.000 0.700 0.000 0.700 0.000 0.700 0.000 0.700 0.000 0.700 0.000 0.700 0.000 0.700 0.000 0.700 0.000 0.700 0.000 0.700 0.000 0.700 0.000 0.700 0.000 0.700 0.000 0.700 "Yacht : voiced palatal approximant"
"ah" "0x028c" 0.203 0.700 0.695 0.700 0.048 0.700 0.048 0.700 0.349 0.700 0.349 0.700 0.413 0.700 0.413 0.700 0.012 0.700 0.012 0.700 0.000 0.700 0.046 0.700 0.046 0.700 0.186 0.700 0.186 0.700 0.482 0.700 0.482 0.700 0.179 0.700 0.179 0.700 0.050 0.700 0.050 0.700 0.000 0.700 0.000 0.700 0.000 0.700 0.000 0.700 0.000 0.700 0.000 0.700 "cUt : lower-mid back unrounded vowel"
"ao" "0x0254" 0.203 0.700 0.695 0.700 0.048 0.700 0.048 0.700 0.349 0.700 0.349 0.700 0.413 0.700 0.413 0.700 0.012 0.700 0.012 0.700 0.000 0.700 0.046 0.700 0.046 0.700 0.186 0.700 0.186 0.700 0.482 0.700 0.482 0.700 0.179 0.700 0.179 0.700 0.050 0.700 0.050 0.700 0.000 0.700 0.000 0.700 0.000 0.700 0.000 0.700 0.000 0.700 0.000 0.700 "dOg : lower-mid back rounded vowel"
"ax" "0x0259" 0.000 0.700 0.673 0.700 -0.005 1.000 -0.005 1.000 0.645 1.000 0.645 1.000 0.660 1.000 0.660 1.000 0.548 1.000 0.548 1.000 0.000 1.000 0.481 1.000 0.481 1.000 -0.270 1.000 -0.270 1.000 -0.135 1.000 -0.135 1.000 0.000 1.000 0.000 1.000 0.000 1.000 0.000 1.000 0.000 1.000 0.000 1.000 0.000 1.000 0.000 1.000 0.000 1.000 0.000 1.000 "Ago : mid-central unrounded vowel"
"ax2" "0x025c" 0.000 0.700 0.673 0.700 -0.005 1.000 -0.005 1.000 0.645 1.000 0.645 1.000 0.660 1.000 0.660 1.000 0.548 1.000 0.548 1.000 0.000 1.000 0.481 1.000 0.481 1.000 -0.270 1.000 -0.270 1.000 -0.135 1.000 -0.135 1.000 0.000 1.000 0.000 1.000 0.000 1.000 0.000 1.000 0.000 1.000 0.000 1.000 0.000 1.000 0.000 1.000 0.000 1.000 0.000 1.000 "Ago : lower-mid central unrounded vowel"
"eh" "0x025b" 0.000 0.700 0.436 0.700 0.000 0.700 0.000 0.700 0.446 0.700 0.446 0.700 0.362 0.700 0.362 0.700 0.305 0.700 0.305 0.700 0.000 0.700 0.186 0.700 0.186 0.700 0.000 0.700 0.000 0.700 0.000 0.700 0.000 0.700 0.000 0.700 0.000 0.700 0.000 0.700 0.000 0.700 0.000 0.700 0.000 0.700 0.000 0.700 0.000 0.700 0.000 0.700 0.000 0.700 "pEt : lower-mid front unrounded vowel"
"ih" "0x026a" -0.075 0.700 0.071 0.700 0.000 0.700 0.000 0.700 0.379 0.700 0.379 0.700 0.380 0.700 0.380 0.700 0.334 0.700 0.334 0.700 0.000 0.700 0.181 0.700 0.181 0.700 0.000 0.700 0.000 0.700 0.000 0.700 0.000 0.700 0.000 0.700 0.000 0.700 0.000 0.700 0.000 0.700 0.000 0.700 0.000 0.700 0.000 0.700 0.000 0.700 0.000 0.700 0.000 0.700 "fIll : semi-high front unrounded vowel"
"ih2" "0x0268" -0.075 0.700 0.071 0.700 0.000 0.700 0.000 0.700 0.379 0.700 0.379 0.700 0.380 0.700 0.380 0.700 0.334 0.700 0.334 0.700 0.000 0.700 0.181 0.700 0.181 0.700 0.000 0.700 0.000 0.700 0.000 0.700 0.000 0.700 0.000 0.700 0.000 0.700 0.000 0.700 0.000 0.700 0.000 0.700 0.000 0.700 0.000 0.700 0.000 0.700 0.000 0.700 0.000 0.700 "fIll : high central unrounded vowel"
"uh" "0x028a" 0.163 0.700 0.689 0.700 0.106 0.700 0.106 0.700 0.261 0.700 0.261 0.700 0.283 0.700 0.283 0.700 0.029 0.700 0.029 0.700 0.000 0.700 0.060 0.700 0.060 0.700 0.211 0.700 0.211 0.700 0.525 0.700 0.525 0.700 0.256 0.700 0.256 0.700 0.085 0.700 0.085 0.700 0.000 0.700 0.000 0.700 0.000 0.700 0.000 0.700 0.000 0.700 0.000 0.700 "bOOk : semi-high back rounded vowel"
"g" "g" 0.318 0.700 0.061 0.700 0.000 0.700 0.000 0.700 0.325 0.700 0.325 0.700 0.326 0.700 0.326 0.700 0.286 0.700 0.286 0.700 0.000 0.700 0.155 0.700 0.155 0.700 0.000 0.700 0.000 0.700 0.000 0.700 0.000 0.700 0.000 0.700 0.000 0.700 0.000 0.700 0.000 0.700 0.000 0.700 0.000 0.700 0.000 0.700 0.000 0.700 0.000 0.700 0.000 0.700 "taG : voiced velar stop"
"g2" "0x0261" 0.318 0.700 0.061 0.700 0.000 0.700 0.000 0.700 0.325 0.700 0.325 0.700 0.326 0.700 0.326 0.700 0.286 0.700 0.286 0.700 0.000 0.700 0.155 0.700 0.155 0.700 0.000 0.700 0.000 0.700 0.000 0.700 0.000 0.700 0.000 0.700 0.000 0.700 0.000 0.700 0.000 0.700 0.000 0.700 0.000 0.700 0.000 0.700 0.000 0.700 0.000 0.700 0.000 0.700 "taG : voiced velar stop"
"h" "h" -0.041 0.700 0.150 0.700 0.000 0.700 0.000 0.700 0.321 0.700 0.321 0.700 0.301 0.700 0.301 0.700 0.261 0.700 0.261 0.700 0.000 0.700 0.146 0.700 0.146 0.700 0.000 0.700 0.000 0.700 0.000 0.700 0.000 0.700 0.000 0.700 0.000 0.700 0.000 0.700 0.000 0.700 0.000 0.700 0.000 0.700 0.000 0.700 0.000 0.700 0.000 0.700 0.000 0.700 "Help : voiceless glottal fricative"
"hh" "h" -0.041 0.700 0.150 0.700 0.000 0.700 0.000 0.700 0.321 0.700 0.321 0.700 0.301 0.700 0.301 0.700 0.261 0.700 0.261 0.700 0.000 0.700 0.146 0.700 0.146 0.700 0.000 0.700 0.000 0.700 0.000 0.700 0.000 0.700 0.000 0.700 0.000 0.700 0.000 0.700 0.000 0.700 0.000 0.700 0.000 0.700 0.000 0.700 0.000 0.700 0.000 0.700 0.000 0.700 "Help : voiceless glottal fricative"
"hh2" "0x0266" -0.041 0.700 0.150 0.700 0.000 0.700 0.000 0.700 0.321 0.700 0.321 0.700 0.301 0.700 0.301 0.700 0.261 0.700 0.261 0.700 0.000 0.700 0.146 0.700 0.146 0.700 0.000 0.700 0.000 0.700 0.000 0.700 0.000 0.700 0.000 0.700 0.000 0.700 0.000 0.700 0.000 0.700 0.000 0.700 0.000 0.700 0.000 0.700 0.000 0.700 0.000 0.700 0.000 0.700 "Help : breathy-voiced glottal fricative"
"c" "k" 0.186 0.700 0.047 0.700 0.000 0.700 0.000 0.700 0.248 0.700 0.248 0.700 0.248 0.700 0.248 0.700 0.218 0.700 0.218 0.700 0.000 0.700 0.118 0.700 0.118 0.700 0.000 0.700 0.000 0.700 0.000 0.700 0.000 0.700 0.000 0.700 0.000 0.700 0.000 0.700 0.000 0.700 0.000 0.700 0.000 0.700 0.000 0.700 0.000 0.700 0.000 0.700 0.000 0.700 "Cut : voiceless velar stop"
"k" "k" 0.186 0.700 0.047 0.700 0.000 0.700 0.000 0.700 0.248 0.700 0.248 0.700 0.248 0.700 0.248 0.700 0.218 0.700 0.218 0.700 0.000 0.700 0.118 0.700 0.118 0.700 0.000 0.700 0.000 0.700 0.000 0.700 0.000 0.700 0.000 0.700 0.000 0.700 0.000 0.700 0.000 0.700 0.000 0.700 0.000 0.700 0.000 0.700 0.000 0.700 0.000 0.700 0.000 0.700 "Cut : voiceless velar stop"
"nx" "0x014b" 0.244 0.700 0.047 0.700 0.000 0.700 0.000 0.700 0.250 0.700 0.250 0.700 0.251 0.700 0.251 0.700 0.220 0.700 0.220 0.700 0.000 0.700 0.119 0.700 0.119 0.700 0.000 0.700 0.000 0.700 0.000 0.700 0.000 0.700 0.000 0.700 0.000 0.700 0.000 0.700 0.000 0.700 0.000 0.700 0.000 0.700 0.000 0.700 0.000 0.700 0.000 0.700 0.000 0.700 "siNG : voiced velar nasal"
"zh" "0x0292" 0.173 0.700 -0.010 1.000 0.247 1.000 0.247 1.000 0.074 1.000 0.074 1.000 0.000 1.000 0.000 1.000 0.000 1.000 0.000 1.000 0.000 1.000 0.000 1.000 0.000 1.000 0.351 1.000 0.351 1.000 0.439 1.000 0.439 1.000 0.142 1.000 0.142 1.000 0.350 1.000 0.350 1.000 0.000 1.000 0.000 1.000 0.000 1.000 0.000 1.000 0.000 1.000 0.000 1.000 "aZure : voiced postalveolar fricative"
"<sil>" "_" 0.000 0.700 0.000 0.700 0.000 0.700 0.000 0.700 0.000 0.700 0.000 0.700 0.000 0.700 0.000 0.700 0.000 0.700 0.000 0.700 0.000 0.700 0.000 0.700 0.000 0.700 0.000 0.700 0.000 0.700 0.000 0.700 0.000 0.700 0.000 0.700 0.000 0.700 0.000 0.700 0.000 0.700 0.000 0.700 0.000 0.700 0.000 0.700 0.000 0.700 0.000 0.700 0.000 0.700 "silence"
